458
  -3.5095463e+05  -4.4057950e+04
  -3.5096749e+05  -4.5051498e+04
  -3.5098058e+05  -4.6045019e+04
  -3.5099378e+05  -4.7038530e+04
  -3.5100707e+05  -4.8032035e+04
  -3.5102041e+05  -4.9025537e+04
  -3.5103379e+05  -5.0019038e+04
  -3.5104721e+05  -5.1012536e+04
  -3.5106064e+05  -5.2006035e+04
  -3.5107410e+05  -5.2999532e+04
  -3.5108757e+05  -5.3993029e+04
  -3.5110106e+05  -5.4986525e+04
  -3.5111455e+05  -5.5980022e+04
  -3.5112806e+05  -5.6973518e+04
  -3.5114157e+05  -5.7967014e+04
  -3.5115510e+05  -5.8960510e+04
  -3.5116863e+05  -5.9954006e+04
  -3.5118216e+05  -6.0947502e+04
  -3.5119570e+05  -6.1940998e+04
  -3.5120925e+05  -6.2934493e+04
  -3.5122280e+05  -6.3927989e+04
  -3.5123635e+05  -6.4921485e+04
  -3.5124991e+05  -6.5914981e+04
  -3.5126347e+05  -6.6908477e+04
  -3.5127704e+05  -6.7901972e+04
  -3.5129061e+05  -6.8895468e+04
  -3.5130418e+05  -6.9888964e+04
  -3.5131775e+05  -7.0882460e+04
  -3.5133132e+05  -7.1875956e+04
  -3.5134490e+05  -7.2869452e+04
  -3.5135848e+05  -7.3862948e+04
  -3.5137206e+05  -7.4856444e+04
  -3.5138564e+05  -7.5849940e+04
  -3.5139923e+05  -7.6843436e+04
  -3.5141281e+05  -7.7836932e+04
  -3.5142640e+05  -7.8830428e+04
  -3.5143999e+05  -7.9823924e+04
  -3.5145358e+05  -8.0817420e+04
  -3.5146717e+05  -8.1810917e+04
  -3.5148076e+05  -8.2804413e+04
  -3.5149436e+05  -8.3797909e+04
  -3.5150795e+05  -8.4791405e+04
  -3.5152155e+05  -8.5784902e+04
  -3.5153515e+05  -8.6778398e+04
  -3.5154874e+05  -8.7771895e+04
  -3.5156234e+05  -8.8765391e+04
  -3.5157594e+05  -8.9758887e+04
  -3.5158954e+05  -9.0752384e+04
  -3.5160314e+05  -9.1745880e+04
  -3.5161674e+05  -9.2739377e+04
  -3.5163035e+05  -9.3732874e+04
  -3.5164395e+05  -9.4726370e+04
  -3.5165755e+05  -9.5719867e+04
  -3.5167116e+05  -9.6713363e+04
  -3.5168476e+05  -9.7706860e+04
  -3.5169837e+05  -9.8700357e+04
  -3.5171198e+05  -9.9693854e+04
  -3.5172558e+05  -1.0068735e+05
  -3.5173919e+05  -1.0168085e+05
  -3.5175280e+05  -1.0267434e+05
  -3.5176641e+05  -1.0366784e+05
  -3.5178002e+05  -1.0466134e+05
  -3.5179363e+05  -1.0565483e+05
  -3.5180724e+05  -1.0664833e+05
  -3.5182085e+05  -1.0764183e+05
  -3.5183446e+05  -1.0863533e+05
  -3.5184807e+05  -1.0962882e+05
  -3.5186168e+05  -1.1062232e+05
  -3.5187529e+05  -1.1161582e+05
  -3.5188891e+05  -1.1260931e+05
  -3.5190252e+05  -1.1360281e+05
  -3.5191613e+05  -1.1459631e+05
  -3.5192975e+05  -1.1558980e+05
  -3.5194336e+05  -1.1658330e+05
  -3.5195697e+05  -1.1757680e+05
  -3.5197059e+05  -1.1857030e+05
  -3.5198420e+05  -1.1956379e+05
  -3.5199782e+05  -1.2055729e+05
  -3.5201143e+05  -1.2155079e+05
  -3.5202505e+05  -1.2254428e+05
  -3.5203866e+05  -1.2353778e+05
  -3.5205228e+05  -1.2453128e+05
  -3.5206590e+05  -1.2552478e+05
  -3.5207951e+05  -1.2651827e+05
  -3.5209313e+05  -1.2751177e+05
  -3.5210675e+05  -1.2850527e+05
  -3.5212037e+05  -1.2949877e+05
  -3.5213398e+05  -1.3049226e+05
  -3.5214760e+05  -1.3148576e+05
  -3.5216122e+05  -1.3247926e+05
  -3.5217484e+05  -1.3347275e+05
  -3.5218846e+05  -1.3446625e+05
  -3.5220207e+05  -1.3545975e+05
  -3.5221569e+05  -1.3645325e+05
  -3.5222931e+05  -1.3744674e+05
  -3.5224293e+05  -1.3844024e+05
  -3.5225655e+05  -1.3943374e+05
  -3.5227017e+05  -1.4042724e+05
  -3.5228379e+05  -1.4142073e+05
  -3.5229741e+05  -1.4241423e+05
  -3.5231103e+05  -1.4340773e+05
  -3.5232465e+05  -1.4440123e+05
  -3.5233827e+05  -1.4539472e+05
  -3.5235189e+05  -1.4638822e+05
  -3.5236551e+05  -1.4738172e+05
  -3.5237913e+05  -1.4837522e+05
  -3.5239276e+05  -1.4936871e+05
  -3.5240638e+05  -1.5036221e+05
  -3.5242000e+05  -1.5135571e+05
  -3.5243362e+05  -1.5234921e+05
  -3.5244724e+05  -1.5334270e+05
  -3.5246086e+05  -1.5433620e+05
  -3.5247448e+05  -1.5532970e+05
  -3.5248811e+05  -1.5632320e+05
  -3.5250173e+05  -1.5731669e+05
  -3.5251535e+05  -1.5831019e+05
  -3.5252897e+05  -1.5930369e+05
  -3.5254260e+05  -1.6029719e+05
  -3.5255622e+05  -1.6129068e+05
  -3.5256984e+05  -1.6228418e+05
  -3.5258346e+05  -1.6327768e+05
  -3.5259709e+05  -1.6427118e+05
  -3.5261071e+05  -1.6526467e+05
  -3.5262433e+05  -1.6625817e+05
  -3.5263796e+05  -1.6725167e+05
  -3.5265158e+05  -1.6824517e+05
  -3.5266520e+05  -1.6923866e+05
  -3.5267883e+05  -1.7023216e+05
  -3.5269245e+05  -1.7122566e+05
  -3.5270607e+05  -1.7221916e+05
  -3.5271970e+05  -1.7321265e+05
  -3.5273332e+05  -1.7420615e+05
  -3.5274695e+05  -1.7519965e+05
  -3.5276057e+05  -1.7619315e+05
  -3.5277419e+05  -1.7718664e+05
  -3.5278782e+05  -1.7818014e+05
  -3.5280144e+05  -1.7917364e+05
  -3.5281507e+05  -1.8016714e+05
  -3.5282869e+05  -1.8116063e+05
  -3.5284232e+05  -1.8215413e+05
  -3.5285594e+05  -1.8314763e+05
  -3.5286956e+05  -1.8414113e+05
  -3.5288319e+05  -1.8513462e+05
  -3.5289681e+05  -1.8612812e+05
  -3.5291044e+05  -1.8712162e+05
  -3.5292406e+05  -1.8811512e+05
  -3.5293769e+05  -1.8910861e+05
  -3.5295131e+05  -1.9010211e+05
  -3.5296494e+05  -1.9109561e+05
  -3.5297856e+05  -1.9208911e+05
  -3.5299219e+05  -1.9308260e+05
  -3.5300581e+05  -1.9407610e+05
  -3.5301944e+05  -1.9506960e+05
  -3.5303307e+05  -1.9606310e+05
  -3.5304669e+05  -1.9705659e+05
  -3.5306032e+05  -1.9805009e+05
  -3.5307394e+05  -1.9904359e+05
  -3.5308757e+05  -2.0003709e+05
  -3.5310119e+05  -2.0103058e+05
  -3.5311482e+05  -2.0202408e+05
  -3.5312844e+05  -2.0301758e+05
  -3.5314207e+05  -2.0401108e+05
  -3.5315570e+05  -2.0500457e+05
  -3.5316932e+05  -2.0599807e+05
  -3.5318295e+05  -2.0699157e+05
  -3.5319657e+05  -2.0798506e+05
  -3.5321020e+05  -2.0897856e+05
  -3.5322383e+05  -2.0997206e+05
  -3.5323745e+05  -2.1096556e+05
  -3.5325108e+05  -2.1195905e+05
  -3.5326470e+05  -2.1295255e+05
  -3.5327833e+05  -2.1394605e+05
  -3.5329196e+05  -2.1493955e+05
  -3.5330558e+05  -2.1593304e+05
  -3.5331921e+05  -2.1692654e+05
  -3.5333283e+05  -2.1792004e+05
  -3.5334646e+05  -2.1891353e+05
  -3.5336009e+05  -2.1990703e+05
  -3.5337371e+05  -2.2090053e+05
  -3.5338734e+05  -2.2189403e+05
  -3.5340097e+05  -2.2288752e+05
  -3.5341459e+05  -2.2388102e+05
  -3.5342822e+05  -2.2487452e+05
  -3.5344185e+05  -2.2586801e+05
  -3.5345547e+05  -2.2686151e+05
  -3.5346910e+05  -2.2785501e+05
  -3.5348273e+05  -2.2884851e+05
  -3.5349635e+05  -2.2984200e+05
  -3.5350998e+05  -2.3083550e+05
  -3.5352361e+05  -2.3182900e+05
  -3.5353723e+05  -2.3282249e+05
  -3.5355086e+05  -2.3381599e+05
  -3.5356449e+05  -2.3480949e+05
  -3.5357811e+05  -2.3580298e+05
  -3.5359174e+05  -2.3679648e+05
  -3.5360537e+05  -2.3778998e+05
  -3.5361899e+05  -2.3878348e+05
  -3.5363262e+05  -2.3977697e+05
  -3.5364625e+05  -2.4077047e+05
  -3.5365987e+05  -2.4176397e+05
  -3.5367350e+05  -2.4275746e+05
  -3.5368713e+05  -2.4375096e+05
  -3.5370076e+05  -2.4474446e+05
  -3.5371438e+05  -2.4573795e+05
  -3.5372801e+05  -2.4673145e+05
  -3.5374164e+05  -2.4772495e+05
  -3.5375526e+05  -2.4871844e+05
  -3.5376889e+05  -2.4971194e+05
  -3.5378252e+05  -2.5070544e+05
  -3.5379614e+05  -2.5169893e+05
  -3.5380977e+05  -2.5269243e+05
  -3.5382340e+05  -2.5368593e+05
  -3.5383702e+05  -2.5467942e+05
  -3.5385065e+05  -2.5567292e+05
  -3.5386428e+05  -2.5666642e+05
  -3.5387791e+05  -2.5765991e+05
  -3.5389153e+05  -2.5865341e+05
  -3.5390516e+05  -2.5964691e+05
  -3.5391879e+05  -2.6064040e+05
  -3.5393241e+05  -2.6163390e+05
  -3.5394604e+05  -2.6262739e+05
  -3.5395967e+05  -2.6362089e+05
  -3.5397330e+05  -2.6461439e+05
  -3.5398692e+05  -2.6560788e+05
  -3.5400055e+05  -2.6660138e+05
  -3.5401418e+05  -2.6759488e+05
  -3.5402780e+05  -2.6858837e+05
  -3.5404143e+05  -2.6958187e+05
  -3.5405506e+05  -2.7057536e+05
  -3.5406869e+05  -2.7156886e+05
  -3.5408231e+05  -2.7256236e+05
  -3.5409594e+05  -2.7355585e+05
  -3.5410957e+05  -2.7454935e+05
  -3.5412319e+05  -2.7554284e+05
  -3.5413682e+05  -2.7653634e+05
  -3.5415045e+05  -2.7752984e+05
  -3.5416407e+05  -2.7852333e+05
  -3.5417770e+05  -2.7951683e+05
  -3.5419133e+05  -2.8051032e+05
  -3.5420496e+05  -2.8150382e+05
  -3.5421858e+05  -2.8249732e+05
  -3.5423221e+05  -2.8349081e+05
  -3.5424584e+05  -2.8448431e+05
  -3.5425946e+05  -2.8547780e+05
  -3.5427309e+05  -2.8647130e+05
  -3.5428672e+05  -2.8746479e+05
  -3.5430035e+05  -2.8845829e+05
  -3.5431397e+05  -2.8945178e+05
  -3.5432760e+05  -2.9044528e+05
  -3.5434123e+05  -2.9143878e+05
  -3.5435485e+05  -2.9243227e+05
  -3.5436848e+05  -2.9342577e+05
  -3.5438211e+05  -2.9441926e+05
  -3.5439573e+05  -2.9541276e+05
  -3.5440936e+05  -2.9640625e+05
  -3.5442299e+05  -2.9739975e+05
  -3.5443661e+05  -2.9839324e+05
  -3.5445024e+05  -2.9938674e+05
  -3.5446387e+05  -3.0038023e+05
  -3.5447749e+05  -3.0137373e+05
  -3.5449112e+05  -3.0236722e+05
  -3.5450475e+05  -3.0336072e+05
  -3.5451837e+05  -3.0435421e+05
  -3.5453200e+05  -3.0534771e+05
  -3.5454563e+05  -3.0634120e+05
  -3.5455925e+05  -3.0733470e+05
  -3.5457288e+05  -3.0832819e+05
  -3.5458651e+05  -3.0932169e+05
  -3.5460013e+05  -3.1031518e+05
  -3.5461376e+05  -3.1130868e+05
  -3.5462739e+05  -3.1230217e+05
  -3.5464101e+05  -3.1329566e+05
  -3.5465464e+05  -3.1428916e+05
  -3.5466827e+05  -3.1528265e+05
  -3.5468189e+05  -3.1627615e+05
  -3.5469552e+05  -3.1726964e+05
  -3.5470915e+05  -3.1826314e+05
  -3.5472277e+05  -3.1925663e+05
  -3.5473640e+05  -3.2025013e+05
  -3.5475002e+05  -3.2124362e+05
  -3.5476365e+05  -3.2223711e+05
  -3.5477728e+05  -3.2323061e+05
  -3.5479090e+05  -3.2422410e+05
  -3.5480453e+05  -3.2521760e+05
  -3.5481816e+05  -3.2621109e+05
  -3.5483178e+05  -3.2720458e+05
  -3.5484541e+05  -3.2819808e+05
  -3.5485903e+05  -3.2919157e+05
  -3.5487266e+05  -3.3018506e+05
  -3.5488628e+05  -3.3117856e+05
  -3.5489991e+05  -3.3217205e+05
  -3.5491354e+05  -3.3316555e+05
  -3.5492716e+05  -3.3415904e+05
  -3.5494079e+05  -3.3515253e+05
  -3.5495441e+05  -3.3614603e+05
  -3.5496804e+05  -3.3713952e+05
  -3.5498166e+05  -3.3813301e+05
  -3.5499529e+05  -3.3912651e+05
  -3.5500892e+05  -3.4012000e+05
  -3.5502254e+05  -3.4111349e+05
  -3.5503617e+05  -3.4210699e+05
  -3.5504979e+05  -3.4310048e+05
  -3.5506342e+05  -3.4409397e+05
  -3.5507704e+05  -3.4508746e+05
  -3.5509067e+05  -3.4608096e+05
  -3.5510429e+05  -3.4707445e+05
  -3.5511792e+05  -3.4806794e+05
  -3.5513154e+05  -3.4906143e+05
  -3.5514517e+05  -3.5005493e+05
  -3.5515879e+05  -3.5104842e+05
  -3.5517242e+05  -3.5204191e+05
  -3.5518604e+05  -3.5303540e+05
  -3.5519967e+05  -3.5402890e+05
  -3.5521329e+05  -3.5502239e+05
  -3.5522691e+05  -3.5601588e+05
  -3.5524054e+05  -3.5700937e+05
  -3.5525416e+05  -3.5800287e+05
  -3.5526779e+05  -3.5899636e+05
  -3.5528141e+05  -3.5998985e+05
  -3.5529504e+05  -3.6098334e+05
  -3.5530866e+05  -3.6197683e+05
  -3.5532228e+05  -3.6297032e+05
  -3.5533591e+05  -3.6396382e+05
  -3.5534953e+05  -3.6495731e+05
  -3.5536315e+05  -3.6595080e+05
  -3.5537678e+05  -3.6694429e+05
  -3.5539040e+05  -3.6793778e+05
  -3.5540402e+05  -3.6893127e+05
  -3.5541765e+05  -3.6992476e+05
  -3.5543127e+05  -3.7091826e+05
  -3.5544489e+05  -3.7191175e+05
  -3.5545852e+05  -3.7290524e+05
  -3.5547214e+05  -3.7389873e+05
  -3.5548576e+05  -3.7489222e+05
  -3.5549939e+05  -3.7588571e+05
  -3.5551301e+05  -3.7687920e+05
  -3.5552663e+05  -3.7787269e+05
  -3.5554025e+05  -3.7886618e+05
  -3.5555387e+05  -3.7985967e+05
  -3.5556750e+05  -3.8085316e+05
  -3.5558112e+05  -3.8184665e+05
  -3.5559474e+05  -3.8284014e+05
  -3.5560836e+05  -3.8383363e+05
  -3.5562198e+05  -3.8482712e+05
  -3.5563561e+05  -3.8582061e+05
  -3.5564923e+05  -3.8681410e+05
  -3.5566285e+05  -3.8780759e+05
  -3.5567647e+05  -3.8880108e+05
  -3.5569009e+05  -3.8979457e+05
  -3.5570371e+05  -3.9078806e+05
  -3.5571733e+05  -3.9178155e+05
  -3.5573095e+05  -3.9277504e+05
  -3.5574457e+05  -3.9376853e+05
  -3.5575819e+05  -3.9476202e+05
  -3.5577181e+05  -3.9575550e+05
  -3.5578543e+05  -3.9674899e+05
  -3.5579905e+05  -3.9774248e+05
  -3.5581267e+05  -3.9873597e+05
  -3.5582629e+05  -3.9972946e+05
  -3.5583991e+05  -4.0072295e+05
  -3.5585353e+05  -4.0171643e+05
  -3.5586715e+05  -4.0270992e+05
  -3.5588077e+05  -4.0370341e+05
  -3.5589438e+05  -4.0469690e+05
  -3.5590800e+05  -4.0569039e+05
  -3.5592162e+05  -4.0668387e+05
  -3.5593524e+05  -4.0767736e+05
  -3.5594886e+05  -4.0867085e+05
  -3.5596247e+05  -4.0966434e+05
  -3.5597609e+05  -4.1065782e+05
  -3.5598971e+05  -4.1165131e+05
  -3.5600332e+05  -4.1264480e+05
  -3.5601694e+05  -4.1363828e+05
  -3.5603056e+05  -4.1463177e+05
  -3.5604417e+05  -4.1562526e+05
  -3.5605779e+05  -4.1661874e+05
  -3.5607140e+05  -4.1761223e+05
  -3.5608502e+05  -4.1860572e+05
  -3.5609863e+05  -4.1959920e+05
  -3.5611225e+05  -4.2059269e+05
  -3.5612586e+05  -4.2158617e+05
  -3.5613947e+05  -4.2257966e+05
  -3.5615309e+05  -4.2357314e+05
  -3.5616670e+05  -4.2456663e+05
  -3.5618031e+05  -4.2556011e+05
  -3.5619392e+05  -4.2655360e+05
  -3.5620754e+05  -4.2754708e+05
  -3.5622115e+05  -4.2854057e+05
  -3.5623476e+05  -4.2953405e+05
  -3.5624837e+05  -4.3052754e+05
  -3.5626198e+05  -4.3152102e+05
  -3.5627559e+05  -4.3251451e+05
  -3.5628920e+05  -4.3350799e+05
  -3.5630281e+05  -4.3450147e+05
  -3.5631642e+05  -4.3549496e+05
  -3.5633003e+05  -4.3648844e+05
  -3.5634363e+05  -4.3748192e+05
  -3.5635724e+05  -4.3847541e+05
  -3.5637085e+05  -4.3946889e+05
  -3.5638445e+05  -4.4046237e+05
  -3.5639806e+05  -4.4145585e+05
  -3.5641166e+05  -4.4244934e+05
  -3.5642527e+05  -4.4344282e+05
  -3.5643887e+05  -4.4443630e+05
  -3.5645247e+05  -4.4542978e+05
  -3.5646608e+05  -4.4642326e+05
  -3.5647968e+05  -4.4741674e+05
  -3.5649328e+05  -4.4841023e+05
  -3.5650688e+05  -4.4940371e+05
  -3.5652048e+05  -4.5039719e+05
  -3.5653407e+05  -4.5139067e+05
  -3.5654767e+05  -4.5238415e+05
  -3.5656127e+05  -4.5337763e+05
  -3.5657486e+05  -4.5437111e+05
  -3.5658846e+05  -4.5536459e+05
  -3.5660205e+05  -4.5635806e+05
  -3.5661564e+05  -4.5735154e+05
  -3.5662923e+05  -4.5834502e+05
  -3.5664282e+05  -4.5933850e+05
  -3.5665641e+05  -4.6033198e+05
  -3.5667000e+05  -4.6132545e+05
  -3.5668358e+05  -4.6231893e+05
  -3.5669717e+05  -4.6331241e+05
  -3.5671075e+05  -4.6430589e+05
  -3.5672433e+05  -4.6529936e+05
  -3.5673791e+05  -4.6629284e+05
  -3.5675149e+05  -4.6728631e+05
  -3.5676506e+05  -4.6827979e+05
  -3.5677863e+05  -4.6927326e+05
  -3.5679220e+05  -4.7026674e+05
  -3.5680577e+05  -4.7126021e+05
  -3.5681934e+05  -4.7225369e+05
  -3.5683290e+05  -4.7324716e+05
  -3.5684646e+05  -4.7424063e+05
  -3.5686001e+05  -4.7523410e+05
  -3.5687356e+05  -4.7622758e+05
  -3.5688711e+05  -4.7722105e+05
  -3.5690065e+05  -4.7821452e+05
  -3.5691419e+05  -4.7920799e+05
  -3.5692772e+05  -4.8020146e+05
  -3.5694125e+05  -4.8119492e+05
  -3.5695477e+05  -4.8218839e+05
  -3.5696828e+05  -4.8318186e+05
  -3.5698178e+05  -4.8417533e+05
  -3.5699527e+05  -4.8516879e+05
  -3.5700875e+05  -4.8616226e+05
  -3.5702222e+05  -4.8715572e+05
  -3.5703567e+05  -4.8814918e+05
  -3.5704910e+05  -4.8914264e+05
  -3.5706251e+05  -4.9013610e+05
  -3.5707589e+05  -4.9112956e+05
  -3.5708922e+05  -4.9212301e+05
  -3.5710251e+05  -4.9311646e+05
  -3.5711572e+05  -4.9410990e+05
  -3.5712881e+05  -4.9510334e+05
  -3.5714171e+05  -4.9609675e+05
  -3.5715419e+05  -4.9709010e+05
  -3.5716515e+05  -4.9808288e+05
524
  -3.5716515e+05  -4.9808288e+05
  -3.5617123e+05  -4.9808924e+05
  -3.5517673e+05  -4.9809408e+05
  -3.5418216e+05  -4.9809851e+05
  -3.5318757e+05  -4.9810274e+05
  -3.5219298e+05  -4.9810685e+05
  -3.5119837e+05  -4.9811089e+05
  -3.5020377e+05  -4.9811488e+05
  -3.4920916e+05  -4.9811883e+05
  -3.4821455e+05  -4.9812275e+05
  -3.4721994e+05  -4.9812664e+05
  -3.4622533e+05  -4.9813052e+05
  -3.4523072e+05  -4.9813438e+05
  -3.4423611e+05  -4.9813822e+05
  -3.4324150e+05  -4.9814206e+05
  -3.4224689e+05  -4.9814588e+05
  -3.4125228e+05  -4.9814970e+05
  -3.4025767e+05  -4.9815350e+05
  -3.3926305e+05  -4.9815730e+05
  -3.3826844e+05  -4.9816110e+05
  -3.3727383e+05  -4.9816488e+05
  -3.3627922e+05  -4.9816867e+05
  -3.3528460e+05  -4.9817245e+05
  -3.3428999e+05  -4.9817622e+05
  -3.3329538e+05  -4.9817999e+05
  -3.3230077e+05  -4.9818376e+05
  -3.3130615e+05  -4.9818752e+05
  -3.3031154e+05  -4.9819128e+05
  -3.2931693e+05  -4.9819504e+05
  -3.2832231e+05  -4.9819880e+05
  -3.2732770e+05  -4.9820255e+05
  -3.2633309e+05  -4.9820630e+05
  -3.2533847e+05  -4.9821005e+05
  -3.2434386e+05  -4.9821379e+05
  -3.2334925e+05  -4.9821754e+05
  -3.2235464e+05  -4.9822128e+05
  -3.2136002e+05  -4.9822502e+05
  -3.2036541e+05  -4.9822876e+05
  -3.1937080e+05  -4.9823250e+05
  -3.1837618e+05  -4.9823624e+05
  -3.1738157e+05  -4.9823997e+05
  -3.1638696e+05  -4.9824371e+05
  -3.1539234e+05  -4.9824744e+05
  -3.1439773e+05  -4.9825117e+05
  -3.1340312e+05  -4.9825490e+05
  -3.1240850e+05  -4.9825863e+05
  -3.1141389e+05  -4.9826236e+05
  -3.1041928e+05  -4.9826609e+05
  -3.0942466e+05  -4.9826981e+05
  -3.0843005e+05  -4.9827354e+05
  -3.0743544e+05  -4.9827726e+05
  -3.0644082e+05  -4.9828099e+05
  -3.0544621e+05  -4.9828471e+05
  -3.0445160e+05  -4.9828843e+05
  -3.0345698e+05  -4.9829215e+05
  -3.0246237e+05  -4.9829587e+05
  -3.0146775e+05  -4.9829959e+05
  -3.0047314e+05  -4.9830331e+05
  -2.9947853e+05  -4.9830703e+05
  -2.9848391e+05  -4.9831075e+05
  -2.9748930e+05  -4.9831447e+05
  -2.9649469e+05  -4.9831819e+05
  -2.9550007e+05  -4.9832190e+05
  -2.9450546e+05  -4.9832562e+05
  -2.9351085e+05  -4.9832933e+05
  -2.9251623e+05  -4.9833305e+05
  -2.9152162e+05  -4.9833676e+05
  -2.9052701e+05  -4.9834047e+05
  -2.8953239e+05  -4.9834419e+05
  -2.8853778e+05  -4.9834790e+05
  -2.8754317e+05  -4.9835161e+05
  -2.8654855e+05  -4.9835532e+05
  -2.8555394e+05  -4.9835904e+05
  -2.8455933e+05  -4.9836275e+05
  -2.8356471e+05  -4.9836646e+05
  -2.8257010e+05  -4.9837017e+05
  -2.8157549e+05  -4.9837388e+05
  -2.8058087e+05  -4.9837759e+05
  -2.7958626e+05  -4.9838130e+05
  -2.7859164e+05  -4.9838500e+05
  -2.7759703e+05  -4.9838871e+05
  -2.7660242e+05  -4.9839242e+05
  -2.7560780e+05  -4.9839613e+05
  -2.7461319e+05  -4.9839984e+05
  -2.7361858e+05  -4.9840354e+05
  -2.7262396e+05  -4.9840725e+05
  -2.7162935e+05  -4.9841096e+05
  -2.7063474e+05  -4.9841466e+05
  -2.6964012e+05  -4.9841837e+05
  -2.6864551e+05  -4.9842207e+05
  -2.6765090e+05  -4.9842578e+05
  -2.6665628e+05  -4.9842948e+05
  -2.6566167e+05  -4.9843319e+05
  -2.6466705e+05  -4.9843689e+05
  -2.6367244e+05  -4.9844060e+05
  -2.6267783e+05  -4.9844430e+05
  -2.6168321e+05  -4.9844800e+05
  -2.6068860e+05  -4.9845171e+05
  -2.5969399e+05  -4.9845541e+05
  -2.5869937e+05  -4.9845911e+05
  -2.5770476e+05  -4.9846282e+05
  -2.5671015e+05  -4.9846652e+05
  -2.5571553e+05  -4.9847022e+05
  -2.5472092e+05  -4.9847392e+05
  -2.5372631e+05  -4.9847762e+05
  -2.5273169e+05  -4.9848133e+05
  -2.5173708e+05  -4.9848503e+05
  -2.5074246e+05  -4.9848873e+05
  -2.4974785e+05  -4.9849243e+05
  -2.4875324e+05  -4.9849613e+05
  -2.4775862e+05  -4.9849983e+05
  -2.4676401e+05  -4.9850353e+05
  -2.4576940e+05  -4.9850723e+05
  -2.4477478e+05  -4.9851093e+05
  -2.4378017e+05  -4.9851463e+05
  -2.4278556e+05  -4.9851833e+05
  -2.4179094e+05  -4.9852203e+05
  -2.4079633e+05  -4.9852573e+05
  -2.3980172e+05  -4.9852943e+05
  -2.3880710e+05  -4.9853313e+05
  -2.3781249e+05  -4.9853683e+05
  -2.3681787e+05  -4.9854052e+05
  -2.3582326e+05  -4.9854422e+05
  -2.3482865e+05  -4.9854792e+05
  -2.3383403e+05  -4.9855162e+05
  -2.3283942e+05  -4.9855532e+05
  -2.3184481e+05  -4.9855901e+05
  -2.3085019e+05  -4.9856271e+05
  -2.2985558e+05  -4.9856641e+05
  -2.2886097e+05  -4.9857011e+05
  -2.2786635e+05  -4.9857380e+05
  -2.2687174e+05  -4.9857750e+05
  -2.2587712e+05  -4.9858120e+05
  -2.2488251e+05  -4.9858489e+05
  -2.2388790e+05  -4.9858859e+05
  -2.2289328e+05  -4.9859229e+05
  -2.2189867e+05  -4.9859598e+05
  -2.2090406e+05  -4.9859968e+05
  -2.1990944e+05  -4.9860337e+05
  -2.1891483e+05  -4.9860707e+05
  -2.1792022e+05  -4.9861077e+05
  -2.1692560e+05  -4.9861446e+05
  -2.1593099e+05  -4.9861816e+05
  -2.1493637e+05  -4.9862185e+05
  -2.1394176e+05  -4.9862555e+05
  -2.1294715e+05  -4.9862924e+05
  -2.1195253e+05  -4.9863294e+05
  -2.1095792e+05  -4.9863663e+05
  -2.0996331e+05  -4.9864033e+05
  -2.0896869e+05  -4.9864402e+05
  -2.0797408e+05  -4.9864772e+05
  -2.0697947e+05  -4.9865141e+05
  -2.0598485e+05  -4.9865510e+05
  -2.0499024e+05  -4.9865880e+05
  -2.0399563e+05  -4.9866249e+05
  -2.0300101e+05  -4.9866619e+05
  -2.0200640e+05  -4.9866988e+05
  -2.0101178e+05  -4.9867357e+05
  -2.0001717e+05  -4.9867727e+05
  -1.9902256e+05  -4.9868096e+05
  -1.9802794e+05  -4.9868465e+05
  -1.9703333e+05  -4.9868835e+05
  -1.9603872e+05  -4.9869204e+05
  -1.9504410e+05  -4.9869573e+05
  -1.9404949e+05  -4.9869943e+05
  -1.9305488e+05  -4.9870312e+05
  -1.9206026e+05  -4.9870681e+05
  -1.9106565e+05  -4.9871050e+05
  -1.9007103e+05  -4.9871420e+05
  -1.8907642e+05  -4.9871789e+05
  -1.8808181e+05  -4.9872158e+05
  -1.8708719e+05  -4.9872527e+05
  -1.8609258e+05  -4.9872896e+05
  -1.8509797e+05  -4.9873266e+05
  -1.8410335e+05  -4.9873635e+05
  -1.8310874e+05  -4.9874004e+05
  -1.8211413e+05  -4.9874373e+05
  -1.8111951e+05  -4.9874742e+05
  -1.8012490e+05  -4.9875111e+05
  -1.7913028e+05  -4.9875481e+05
  -1.7813567e+05  -4.9875850e+05
  -1.7714106e+05  -4.9876219e+05
  -1.7614644e+05  -4.9876588e+05
  -1.7515183e+05  -4.9876957e+05
  -1.7415722e+05  -4.9877326e+05
  -1.7316260e+05  -4.9877695e+05
  -1.7216799e+05  -4.9878064e+05
  -1.7117338e+05  -4.9878433e+05
  -1.7017876e+05  -4.9878802e+05
  -1.6918415e+05  -4.9879171e+05
  -1.6818953e+05  -4.9879541e+05
  -1.6719492e+05  -4.9879910e+05
  -1.6620031e+05  -4.9880279e+05
  -1.6520569e+05  -4.9880648e+05
  -1.6421108e+05  -4.9881017e+05
  -1.6321647e+05  -4.9881386e+05
  -1.6222185e+05  -4.9881755e+05
  -1.6122724e+05  -4.9882124e+05
  -1.6023263e+05  -4.9882493e+05
  -1.5923801e+05  -4.9882861e+05
  -1.5824340e+05  -4.9883230e+05
  -1.5724878e+05  -4.9883599e+05
  -1.5625417e+05  -4.9883968e+05
  -1.5525956e+05  -4.9884337e+05
  -1.5426494e+05  -4.9884706e+05
  -1.5327033e+05  -4.9885075e+05
  -1.5227572e+05  -4.9885444e+05
  -1.5128110e+05  -4.9885813e+05
  -1.5028649e+05  -4.9886182e+05
  -1.4929187e+05  -4.9886551e+05
  -1.4829726e+05  -4.9886920e+05
  -1.4730265e+05  -4.9887288e+05
  -1.4630803e+05  -4.9887657e+05
  -1.4531342e+05  -4.9888026e+05
  -1.4431881e+05  -4.9888395e+05
  -1.4332419e+05  -4.9888764e+05
  -1.4232958e+05  -4.9889133e+05
  -1.4133497e+05  -4.9889501e+05
  -1.4034035e+05  -4.9889870e+05
  -1.3934574e+05  -4.9890239e+05
  -1.3835112e+05  -4.9890608e+05
  -1.3735651e+05  -4.9890977e+05
  -1.3636190e+05  -4.9891345e+05
  -1.3536728e+05  -4.9891714e+05
  -1.3437267e+05  -4.9892083e+05
  -1.3337806e+05  -4.9892452e+05
  -1.3238344e+05  -4.9892820e+05
  -1.3138883e+05  -4.9893189e+05
  -1.3039422e+05  -4.9893558e+05
  -1.2939960e+05  -4.9893927e+05
  -1.2840499e+05  -4.9894295e+05
  -1.2741037e+05  -4.9894664e+05
  -1.2641576e+05  -4.9895033e+05
  -1.2542115e+05  -4.9895401e+05
  -1.2442653e+05  -4.9895770e+05
  -1.2343192e+05  -4.9896139e+05
  -1.2243731e+05  -4.9896508e+05
  -1.2144269e+05  -4.9896876e+05
  -1.2044808e+05  -4.9897245e+05
  -1.1945347e+05  -4.9897614e+05
  -1.1845885e+05  -4.9897982e+05
  -1.1746424e+05  -4.9898351e+05
  -1.1646962e+05  -4.9898719e+05
  -1.1547501e+05  -4.9899088e+05
  -1.1448040e+05  -4.9899457e+05
  -1.1348578e+05  -4.9899825e+05
  -1.1249117e+05  -4.9900194e+05
  -1.1149656e+05  -4.9900562e+05
  -1.1050194e+05  -4.9900931e+05
  -1.0950733e+05  -4.9901300e+05
  -1.0851271e+05  -4.9901668e+05
  -1.0751810e+05  -4.9902037e+05
  -1.0652349e+05  -4.9902405e+05
  -1.0552887e+05  -4.9902774e+05
  -1.0453426e+05  -4.9903142e+05
  -1.0353965e+05  -4.9903511e+05
  -1.0254503e+05  -4.9903880e+05
  -1.0155042e+05  -4.9904248e+05
  -1.0055581e+05  -4.9904617e+05
  -9.9561192e+04  -4.9904985e+05
  -9.8566578e+04  -4.9905354e+05
  -9.7571965e+04  -4.9905722e+05
  -9.6577351e+04  -4.9906091e+05
  -9.5582737e+04  -4.9906459e+05
  -9.4588124e+04  -4.9906828e+05
  -9.3593510e+04  -4.9907196e+05
  -9.2598896e+04  -4.9907564e+05
  -9.1604283e+04  -4.9907933e+05
  -9.0609669e+04  -4.9908301e+05
  -8.9615055e+04  -4.9908670e+05
  -8.8620442e+04  -4.9909038e+05
  -8.7625828e+04  -4.9909407e+05
  -8.6631214e+04  -4.9909775e+05
  -8.5636601e+04  -4.9910144e+05
  -8.4641987e+04  -4.9910512e+05
  -8.3647373e+04  -4.9910880e+05
  -8.2652760e+04  -4.9911249e+05
  -8.1658146e+04  -4.9911617e+05
  -8.0663532e+04  -4.9911985e+05
  -7.9668919e+04  -4.9912354e+05
  -7.8674305e+04  -4.9912722e+05
  -7.7679691e+04  -4.9913091e+05
  -7.6685078e+04  -4.9913459e+05
  -7.5690464e+04  -4.9913827e+05
  -7.4695850e+04  -4.9914196e+05
  -7.3701237e+04  -4.9914564e+05
  -7.2706623e+04  -4.9914932e+05
  -7.1712009e+04  -4.9915301e+05
  -7.0717396e+04  -4.9915669e+05
  -6.9722782e+04  -4.9916037e+05
  -6.8728168e+04  -4.9916405e+05
  -6.7733554e+04  -4.9916774e+05
  -6.6738941e+04  -4.9917142e+05
  -6.5744327e+04  -4.9917510e+05
  -6.4749713e+04  -4.9917879e+05
  -6.3755100e+04  -4.9918247e+05
  -6.2760486e+04  -4.9918615e+05
  -6.1765872e+04  -4.9918983e+05
  -6.0771259e+04  -4.9919352e+05
  -5.9776645e+04  -4.9919720e+05
  -5.8782031e+04  -4.9920088e+05
  -5.7787418e+04  -4.9920456e+05
  -5.6792804e+04  -4.9920824e+05
  -5.5798190e+04  -4.9921193e+05
  -5.4803577e+04  -4.9921561e+05
  -5.3808963e+04  -4.9921929e+05
  -5.2814349e+04  -4.9922297e+05
  -5.1819736e+04  -4.9922665e+05
  -5.0825122e+04  -4.9923033e+05
  -4.9830508e+04  -4.9923402e+05
  -4.8835895e+04  -4.9923770e+05
  -4.7841281e+04  -4.9924138e+05
  -4.6846667e+04  -4.9924506e+05
  -4.5852054e+04  -4.9924874e+05
  -4.4857440e+04  -4.9925242e+05
  -4.3862826e+04  -4.9925610e+05
  -4.2868213e+04  -4.9925978e+05
  -4.1873599e+04  -4.9926347e+05
  -4.0878985e+04  -4.9926715e+05
  -3.9884372e+04  -4.9927083e+05
  -3.8889758e+04  -4.9927451e+05
  -3.7895144e+04  -4.9927819e+05
  -3.6900530e+04  -4.9928187e+05
  -3.5905917e+04  -4.9928555e+05
  -3.4911303e+04  -4.9928923e+05
  -3.3916689e+04  -4.9929291e+05
  -3.2922076e+04  -4.9929659e+05
  -3.1927462e+04  -4.9930027e+05
  -3.0932848e+04  -4.9930395e+05
  -2.9938235e+04  -4.9930763e+05
  -2.8943621e+04  -4.9931131e+05
  -2.7949007e+04  -4.9931499e+05
  -2.6954394e+04  -4.9931867e+05
  -2.5959780e+04  -4.9932235e+05
  -2.4965166e+04  -4.9932603e+05
  -2.3970553e+04  -4.9932971e+05
  -2.2975939e+04  -4.9933339e+05
  -2.1981325e+04  -4.9933707e+05
  -2.0986712e+04  -4.9934074e+05
  -1.9992098e+04  -4.9934442e+05
  -1.8997484e+04  -4.9934810e+05
  -1.8002870e+04  -4.9935178e+05
  -1.7008257e+04  -4.9935546e+05
  -1.6013643e+04  -4.9935914e+05
  -1.5019029e+04  -4.9936282e+05
  -1.4024416e+04  -4.9936650e+05
  -1.3029802e+04  -4.9937017e+05
  -1.2035188e+04  -4.9937385e+05
  -1.1040575e+04  -4.9937753e+05
  -1.0045961e+04  -4.9938121e+05
  -9.0513473e+03  -4.9938489e+05
  -8.0567336e+03  -4.9938856e+05
  -7.0621199e+03  -4.9939224e+05
  -6.0675062e+03  -4.9939592e+05
  -5.0728925e+03  -4.9939960e+05
  -4.0782788e+03  -4.9940328e+05
  -3.0836652e+03  -4.9940695e+05
  -2.0890515e+03  -4.9941063e+05
  -1.0944378e+03  -4.9941431e+05
  -9.9824087e+01  -4.9941798e+05
   8.9478960e+02  -4.9942166e+05
   1.8894033e+03  -4.9942534e+05
   2.8840170e+03  -4.9942902e+05
   3.8786307e+03  -4.9943269e+05
   4.8732444e+03  -4.9943637e+05
   5.8678581e+03  -4.9944004e+05
   6.8624718e+03  -4.9944372e+05
   7.8570854e+03  -4.9944740e+05
   8.8516991e+03  -4.9945107e+05
   9.8463128e+03  -4.9945475e+05
   1.0840927e+04  -4.9945843e+05
   1.1835540e+04  -4.9946210e+05
   1.2830154e+04  -4.9946578e+05
   1.3824768e+04  -4.9946945e+05
   1.4819381e+04  -4.9947313e+05
   1.5813995e+04  -4.9947680e+05
   1.6808609e+04  -4.9948048e+05
   1.7803222e+04  -4.9948415e+05
   1.8797836e+04  -4.9948783e+05
   1.9792450e+04  -4.9949150e+05
   2.0787063e+04  -4.9949518e+05
   2.1781677e+04  -4.9949885e+05
   2.2776291e+04  -4.9950253e+05
   2.3770905e+04  -4.9950620e+05
   2.4765518e+04  -4.9950988e+05
   2.5760132e+04  -4.9951355e+05
   2.6754746e+04  -4.9951722e+05
   2.7749359e+04  -4.9952090e+05
   2.8743973e+04  -4.9952457e+05
   2.9738587e+04  -4.9952825e+05
   3.0733200e+04  -4.9953192e+05
   3.1727814e+04  -4.9953559e+05
   3.2722428e+04  -4.9953927e+05
   3.3717042e+04  -4.9954294e+05
   3.4711655e+04  -4.9954661e+05
   3.5706269e+04  -4.9955028e+05
   3.6700883e+04  -4.9955396e+05
   3.7695496e+04  -4.9955763e+05
   3.8690110e+04  -4.9956130e+05
   3.9684724e+04  -4.9956497e+05
   4.0679337e+04  -4.9956865e+05
   4.1673951e+04  -4.9957232e+05
   4.2668565e+04  -4.9957599e+05
   4.3663179e+04  -4.9957966e+05
   4.4657792e+04  -4.9958333e+05
   4.5652406e+04  -4.9958700e+05
   4.6647020e+04  -4.9959067e+05
   4.7641633e+04  -4.9959434e+05
   4.8636247e+04  -4.9959801e+05
   4.9630861e+04  -4.9960169e+05
   5.0625474e+04  -4.9960536e+05
   5.1620088e+04  -4.9960903e+05
   5.2614702e+04  -4.9961270e+05
   5.3609316e+04  -4.9961637e+05
   5.4603929e+04  -4.9962003e+05
   5.5598543e+04  -4.9962370e+05
   5.6593157e+04  -4.9962737e+05
   5.7587770e+04  -4.9963104e+05
   5.8582384e+04  -4.9963471e+05
   5.9576998e+04  -4.9963838e+05
   6.0571612e+04  -4.9964205e+05
   6.1566225e+04  -4.9964572e+05
   6.2560839e+04  -4.9964938e+05
   6.3555453e+04  -4.9965305e+05
   6.4550066e+04  -4.9965672e+05
   6.5544680e+04  -4.9966039e+05
   6.6539294e+04  -4.9966405e+05
   6.7533907e+04  -4.9966772e+05
   6.8528521e+04  -4.9967139e+05
   6.9523135e+04  -4.9967505e+05
   7.0517749e+04  -4.9967872e+05
   7.1512362e+04  -4.9968238e+05
   7.2506976e+04  -4.9968605e+05
   7.3501590e+04  -4.9968971e+05
   7.4496203e+04  -4.9969338e+05
   7.5490817e+04  -4.9969704e+05
   7.6485431e+04  -4.9970071e+05
   7.7480045e+04  -4.9970437e+05
   7.8474658e+04  -4.9970804e+05
   7.9469272e+04  -4.9971170e+05
   8.0463886e+04  -4.9971536e+05
   8.1458499e+04  -4.9971903e+05
   8.2453113e+04  -4.9972269e+05
   8.3447727e+04  -4.9972635e+05
   8.4442341e+04  -4.9973001e+05
   8.5436954e+04  -4.9973367e+05
   8.6431568e+04  -4.9973734e+05
   8.7426182e+04  -4.9974100e+05
   8.8420795e+04  -4.9974466e+05
   8.9415409e+04  -4.9974832e+05
   9.0410023e+04  -4.9975198e+05
   9.1404636e+04  -4.9975564e+05
   9.2399250e+04  -4.9975930e+05
   9.3393864e+04  -4.9976295e+05
   9.4388478e+04  -4.9976661e+05
   9.5383091e+04  -4.9977027e+05
   9.6377705e+04  -4.9977393e+05
   9.7372319e+04  -4.9977758e+05
   9.8366932e+04  -4.9978124e+05
   9.9361546e+04  -4.9978490e+05
   1.0035616e+05  -4.9978855e+05
   1.0135077e+05  -4.9979221e+05
   1.0234539e+05  -4.9979586e+05
   1.0334000e+05  -4.9979951e+05
   1.0433461e+05  -4.9980317e+05
   1.0532923e+05  -4.9980682e+05
   1.0632384e+05  -4.9981047e+05
   1.0731846e+05  -4.9981412e+05
   1.0831307e+05  -4.9981777e+05
   1.0930768e+05  -4.9982142e+05
   1.1030230e+05  -4.9982507e+05
   1.1129691e+05  -4.9982872e+05
   1.1229152e+05  -4.9983237e+05
   1.1328614e+05  -4.9983602e+05
   1.1428075e+05  -4.9983966e+05
   1.1527537e+05  -4.9984331e+05
   1.1626998e+05  -4.9984695e+05
   1.1726459e+05  -4.9985060e+05
   1.1825921e+05  -4.9985424e+05
   1.1925382e+05  -4.9985788e+05
   1.2024843e+05  -4.9986152e+05
   1.2124305e+05  -4.9986516e+05
   1.2223766e+05  -4.9986880e+05
   1.2323227e+05  -4.9987244e+05
   1.2422689e+05  -4.9987608e+05
   1.2522150e+05  -4.9987971e+05
   1.2621612e+05  -4.9988335e+05
   1.2721073e+05  -4.9988698e+05
   1.2820534e+05  -4.9989061e+05
   1.2919996e+05  -4.9989424e+05
   1.3019457e+05  -4.9989787e+05
   1.3118918e+05  -4.9990149e+05
   1.3218380e+05  -4.9990512e+05
   1.3317841e+05  -4.9990874e+05
   1.3417302e+05  -4.9991236e+05
   1.3516764e+05  -4.9991598e+05
   1.3616225e+05  -4.9991959e+05
   1.3715687e+05  -4.9992321e+05
   1.3815148e+05  -4.9992682e+05
   1.3914609e+05  -4.9993043e+05
   1.4014071e+05  -4.9993403e+05
   1.4113532e+05  -4.9993763e+05
   1.4212993e+05  -4.9994123e+05
   1.4312455e+05  -4.9994482e+05
   1.4411916e+05  -4.9994841e+05
   1.4511377e+05  -4.9995200e+05
   1.4610839e+05  -4.9995558e+05
   1.4710300e+05  -4.9995915e+05
   1.4809761e+05  -4.9996272e+05
   1.4909222e+05  -4.9996628e+05
   1.5008684e+05  -4.9996983e+05
   1.5108145e+05  -4.9997337e+05
   1.5207606e+05  -4.9997691e+05
   1.5307067e+05  -4.9998042e+05
   1.5406529e+05  -4.9998393e+05
   1.5505990e+05  -4.9998742e+05
   1.5605451e+05  -4.9999088e+05
   1.5704912e+05  -4.9999433e+05
   1.5804373e+05  -4.9999773e+05
   1.5903833e+05  -5.0000110e+05
   1.6003294e+05  -5.0000440e+05
   1.6102754e+05  -5.0000762e+05
   1.6202212e+05  -5.0001071e+05
   1.6301668e+05  -5.0001355e+05
458
   1.6301668e+05  -5.0001355e+05
   1.6301790e+05  -4.9902651e+05
   1.6301691e+05  -4.9803549e+05
   1.6301453e+05  -4.9704321e+05
   1.6301130e+05  -4.9605039e+05
   1.6300749e+05  -4.9505730e+05
   1.6300328e+05  -4.9406406e+05
   1.6299879e+05  -4.9307073e+05
   1.6299407e+05  -4.9207734e+05
   1.6298918e+05  -4.9108392e+05
   1.6298414e+05  -4.9009046e+05
   1.6297900e+05  -4.8909698e+05
   1.6297375e+05  -4.8810348e+05
   1.6296843e+05  -4.8710997e+05
   1.6296304e+05  -4.8611645e+05
   1.6295758e+05  -4.8512293e+05
   1.6295207e+05  -4.8412940e+05
   1.6294652e+05  -4.8313586e+05
   1.6294092e+05  -4.8214231e+05
   1.6293529e+05  -4.8114877e+05
   1.6292962e+05  -4.8015522e+05
   1.6292393e+05  -4.7916166e+05
   1.6291820e+05  -4.7816811e+05
   1.6291246e+05  -4.7717455e+05
   1.6290669e+05  -4.7618099e+05
   1.6290089e+05  -4.7518743e+05
   1.6289508e+05  -4.7419387e+05
   1.6288925e+05  -4.7320031e+05
   1.6288341e+05  -4.7220674e+05
   1.6287754e+05  -4.7121318e+05
   1.6287167e+05  -4.7021961e+05
   1.6286578e+05  -4.6922604e+05
   1.6285988e+05  -4.6823247e+05
   1.6285396e+05  -4.6723891e+05
   1.6284804e+05  -4.6624534e+05
   1.6284210e+05  -4.6525177e+05
   1.6283616e+05  -4.6425820e+05
   1.6283020e+05  -4.6326463e+05
   1.6282424e+05  -4.6227105e+05
   1.6281827e+05  -4.6127748e+05
   1.6281229e+05  -4.6028391e+05
   1.6280630e+05  -4.5929034e+05
   1.6280030e+05  -4.5829677e+05
   1.6279430e+05  -4.5730319e+05
   1.6278829e+05  -4.5630962e+05
   1.6278228e+05  -4.5531605e+05
   1.6277626e+05  -4.5432247e+05
   1.6277023e+05  -4.5332890e+05
   1.6276420e+05  -4.5233533e+05
   1.6275817e+05  -4.5134175e+05
   1.6275212e+05  -4.5034818e+05
   1.6274608e+05  -4.4935460e+05
   1.6274003e+05  -4.4836103e+05
   1.6273397e+05  -4.4736745e+05
   1.6272791e+05  -4.4637388e+05
   1.6272185e+05  -4.4538030e+05
   1.6271578e+05  -4.4438673e+05
   1.6270971e+05  -4.4339315e+05
   1.6270364e+05  -4.4239958e+05
   1.6269756e+05  -4.4140600e+05
   1.6269148e+05  -4.4041243e+05
   1.6268539e+05  -4.3941885e+05
   1.6267930e+05  -4.3842528e+05
   1.6267321e+05  -4.3743170e+05
   1.6266712e+05  -4.3643812e+05
   1.6266102e+05  -4.3544455e+05
   1.6265492e+05  -4.3445097e+05
   1.6264882e+05  -4.3345740e+05
   1.6264271e+05  -4.3246382e+05
   1.6263660e+05  -4.3147024e+05
   1.6263049e+05  -4.3047667e+05
   1.6262438e+05  -4.2948309e+05
   1.6261827e+05  -4.2848951e+05
   1.6261215e+05  -4.2749594e+05
   1.6260603e+05  -4.2650236e+05
   1.6259991e+05  -4.2550878e+05
   1.6259378e+05  -4.2451521e+05
   1.6258766e+05  -4.2352163e+05
   1.6258153e+05  -4.2252805e+05
   1.6257540e+05  -4.2153448e+05
   1.6256927e+05  -4.2054090e+05
   1.6256314e+05  -4.1954732e+05
   1.6255700e+05  -4.1855375e+05
   1.6255087e+05  -4.1756017e+05
   1.6254473e+05  -4.1656659e+05
   1.6253859e+05  -4.1557302e+05
   1.6253245e+05  -4.1457944e+05
   1.6252631e+05  -4.1358586e+05
   1.6252016e+05  -4.1259229e+05
   1.6251402e+05  -4.1159871e+05
   1.6250787e+05  -4.1060513e+05
   1.6250172e+05  -4.0961155e+05
   1.6249557e+05  -4.0861798e+05
   1.6248942e+05  -4.0762440e+05
   1.6248327e+05  -4.0663082e+05
   1.6247712e+05  -4.0563725e+05
   1.6247096e+05  -4.0464367e+05
   1.6246481e+05  -4.0365009e+05
   1.6245865e+05  -4.0265651e+05
   1.6245249e+05  -4.0166294e+05
   1.6244633e+05  -4.0066936e+05
   1.6244017e+05  -3.9967578e+05
   1.6243401e+05  -3.9868221e+05
   1.6242785e+05  -3.9768863e+05
   1.6242169e+05  -3.9669505e+05
   1.6241552e+05  -3.9570147e+05
   1.6240936e+05  -3.9470790e+05
   1.6240319e+05  -3.9371432e+05
   1.6239702e+05  -3.9272074e+05
   1.6239086e+05  -3.9172716e+05
   1.6238469e+05  -3.9073359e+05
   1.6237852e+05  -3.8974001e+05
   1.6237235e+05  -3.8874643e+05
   1.6236617e+05  -3.8775285e+05
   1.6236000e+05  -3.8675928e+05
   1.6235383e+05  -3.8576570e+05
   1.6234766e+05  -3.8477212e+05
   1.6234148e+05  -3.8377854e+05
   1.6233531e+05  -3.8278497e+05
   1.6232913e+05  -3.8179139e+05
   1.6232295e+05  -3.8079781e+05
   1.6231678e+05  -3.7980423e+05
   1.6231060e+05  -3.7881066e+05
   1.6230442e+05  -3.7781708e+05
   1.6229824e+05  -3.7682350e+05
   1.6229206e+05  -3.7582992e+05
   1.6228588e+05  -3.7483635e+05
   1.6227970e+05  -3.7384277e+05
   1.6227352e+05  -3.7284919e+05
   1.6226733e+05  -3.7185561e+05
   1.6226115e+05  -3.7086204e+05
   1.6225497e+05  -3.6986846e+05
   1.6224878e+05  -3.6887488e+05
   1.6224260e+05  -3.6788130e+05
   1.6223641e+05  -3.6688773e+05
   1.6223023e+05  -3.6589415e+05
   1.6222404e+05  -3.6490057e+05
   1.6221785e+05  -3.6390699e+05
   1.6221167e+05  -3.6291341e+05
   1.6220548e+05  -3.6191984e+05
   1.6219929e+05  -3.6092626e+05
   1.6219310e+05  -3.5993268e+05
   1.6218691e+05  -3.5893910e+05
   1.6218072e+05  -3.5794553e+05
   1.6217453e+05  -3.5695195e+05
   1.6216834e+05  -3.5595837e+05
   1.6216215e+05  -3.5496479e+05
   1.6215596e+05  -3.5397122e+05
   1.6214977e+05  -3.5297764e+05
   1.6214358e+05  -3.5198406e+05
   1.6213738e+05  -3.5099048e+05
   1.6213119e+05  -3.4999690e+05
   1.6212500e+05  -3.4900333e+05
   1.6211880e+05  -3.4800975e+05
   1.6211261e+05  -3.4701617e+05
   1.6210642e+05  -3.4602259e+05
   1.6210022e+05  -3.4502902e+05
   1.6209403e+05  -3.4403544e+05
   1.6208783e+05  -3.4304186e+05
   1.6208163e+05  -3.4204828e+05
   1.6207544e+05  -3.4105470e+05
   1.6206924e+05  -3.4006113e+05
   1.6206305e+05  -3.3906755e+05
   1.6205685e+05  -3.3807397e+05
   1.6205065e+05  -3.3708039e+05
   1.6204445e+05  -3.3608682e+05
   1.6203826e+05  -3.3509324e+05
   1.6203206e+05  -3.3409966e+05
   1.6202586e+05  -3.3310608e+05
   1.6201966e+05  -3.3211250e+05
   1.6201346e+05  -3.3111893e+05
   1.6200726e+05  -3.3012535e+05
   1.6200106e+05  -3.2913177e+05
   1.6199486e+05  -3.2813819e+05
   1.6198867e+05  -3.2714461e+05
   1.6198247e+05  -3.2615104e+05
   1.6197626e+05  -3.2515746e+05
   1.6197006e+05  -3.2416388e+05
   1.6196386e+05  -3.2317030e+05
   1.6195766e+05  -3.2217673e+05
   1.6195146e+05  -3.2118315e+05
   1.6194526e+05  -3.2018957e+05
   1.6193906e+05  -3.1919599e+05
   1.6193286e+05  -3.1820241e+05
   1.6192666e+05  -3.1720884e+05
   1.6192045e+05  -3.1621526e+05
   1.6191425e+05  -3.1522168e+05
   1.6190805e+05  -3.1422810e+05
   1.6190185e+05  -3.1323452e+05
   1.6189564e+05  -3.1224095e+05
   1.6188944e+05  -3.1124737e+05
   1.6188324e+05  -3.1025379e+05
   1.6187703e+05  -3.0926021e+05
   1.6187083e+05  -3.0826663e+05
   1.6186463e+05  -3.0727306e+05
   1.6185842e+05  -3.0627948e+05
   1.6185222e+05  -3.0528590e+05
   1.6184602e+05  -3.0429232e+05
   1.6183981e+05  -3.0329875e+05
   1.6183361e+05  -3.0230517e+05
   1.6182740e+05  -3.0131159e+05
   1.6182120e+05  -3.0031801e+05
   1.6181500e+05  -2.9932443e+05
   1.6180879e+05  -2.9833086e+05
   1.6180259e+05  -2.9733728e+05
   1.6179638e+05  -2.9634370e+05
   1.6179018e+05  -2.9535012e+05
   1.6178397e+05  -2.9435654e+05
   1.6177777e+05  -2.9336297e+05
   1.6177156e+05  -2.9236939e+05
   1.6176536e+05  -2.9137581e+05
   1.6175915e+05  -2.9038223e+05
   1.6175295e+05  -2.8938865e+05
   1.6174674e+05  -2.8839508e+05
   1.6174054e+05  -2.8740150e+05
   1.6173433e+05  -2.8640792e+05
   1.6172812e+05  -2.8541434e+05
   1.6172192e+05  -2.8442076e+05
   1.6171571e+05  -2.8342719e+05
   1.6170951e+05  -2.8243361e+05
   1.6170330e+05  -2.8144003e+05
   1.6169710e+05  -2.8044645e+05
   1.6169089e+05  -2.7945287e+05
   1.6168468e+05  -2.7845930e+05
   1.6167848e+05  -2.7746572e+05
   1.6167227e+05  -2.7647214e+05
   1.6166607e+05  -2.7547856e+05
   1.6165986e+05  -2.7448498e+05
   1.6165365e+05  -2.7349141e+05
   1.6164745e+05  -2.7249783e+05
   1.6164124e+05  -2.7150425e+05
   1.6163504e+05  -2.7051067e+05
   1.6162883e+05  -2.6951709e+05
   1.6162262e+05  -2.6852352e+05
   1.6161642e+05  -2.6752994e+05
   1.6161021e+05  -2.6653636e+05
   1.6160401e+05  -2.6554278e+05
   1.6159780e+05  -2.6454920e+05
   1.6159160e+05  -2.6355563e+05
   1.6158539e+05  -2.6256205e+05
   1.6157918e+05  -2.6156847e+05
   1.6157298e+05  -2.6057489e+05
   1.6156677e+05  -2.5958131e+05
   1.6156057e+05  -2.5858773e+05
   1.6155436e+05  -2.5759416e+05
   1.6154815e+05  -2.5660058e+05
   1.6154195e+05  -2.5560700e+05
   1.6153574e+05  -2.5461342e+05
   1.6152954e+05  -2.5361984e+05
   1.6152333e+05  -2.5262627e+05
   1.6151713e+05  -2.5163269e+05
   1.6151092e+05  -2.5063911e+05
   1.6150472e+05  -2.4964553e+05
   1.6149851e+05  -2.4865195e+05
   1.6149231e+05  -2.4765838e+05
   1.6148610e+05  -2.4666480e+05
   1.6147990e+05  -2.4567122e+05
   1.6147369e+05  -2.4467764e+05
   1.6146749e+05  -2.4368406e+05
   1.6146128e+05  -2.4269049e+05
   1.6145508e+05  -2.4169691e+05
   1.6144887e+05  -2.4070333e+05
   1.6144267e+05  -2.3970975e+05
   1.6143646e+05  -2.3871617e+05
   1.6143026e+05  -2.3772259e+05
   1.6142406e+05  -2.3672902e+05
   1.6141785e+05  -2.3573544e+05
   1.6141165e+05  -2.3474186e+05
   1.6140544e+05  -2.3374828e+05
   1.6139924e+05  -2.3275470e+05
   1.6139304e+05  -2.3176113e+05
   1.6138683e+05  -2.3076755e+05
   1.6138063e+05  -2.2977397e+05
   1.6137443e+05  -2.2878039e+05
   1.6136823e+05  -2.2778681e+05
   1.6136202e+05  -2.2679323e+05
   1.6135582e+05  -2.2579966e+05
   1.6134962e+05  -2.2480608e+05
   1.6134342e+05  -2.2381250e+05
   1.6133721e+05  -2.2281892e+05
   1.6133101e+05  -2.2182534e+05
   1.6132481e+05  -2.2083176e+05
   1.6131861e+05  -2.1983819e+05
   1.6131241e+05  -2.1884461e+05
   1.6130621e+05  -2.1785103e+05
   1.6130001e+05  -2.1685745e+05
   1.6129381e+05  -2.1586387e+05
   1.6128761e+05  -2.1487030e+05
   1.6128141e+05  -2.1387672e+05
   1.6127521e+05  -2.1288314e+05
   1.6126901e+05  -2.1188956e+05
   1.6126281e+05  -2.1089598e+05
   1.6125661e+05  -2.0990240e+05
   1.6125041e+05  -2.0890883e+05
   1.6124421e+05  -2.0791525e+05
   1.6123801e+05  -2.0692167e+05
   1.6123181e+05  -2.0592809e+05
   1.6122562e+05  -2.0493451e+05
   1.6121942e+05  -2.0394093e+05
   1.6121322e+05  -2.0294736e+05
   1.6120702e+05  -2.0195378e+05
   1.6120083e+05  -2.0096020e+05
   1.6119463e+05  -1.9996662e+05
   1.6118844e+05  -1.9897304e+05
   1.6118224e+05  -1.9797946e+05
   1.6117604e+05  -1.9698588e+05
   1.6116985e+05  -1.9599231e+05
   1.6116365e+05  -1.9499873e+05
   1.6115746e+05  -1.9400515e+05
   1.6115127e+05  -1.9301157e+05
   1.6114507e+05  -1.9201799e+05
   1.6113888e+05  -1.9102441e+05
   1.6113269e+05  -1.9003084e+05
   1.6112649e+05  -1.8903726e+05
   1.6112030e+05  -1.8804368e+05
   1.6111411e+05  -1.8705010e+05
   1.6110792e+05  -1.8605652e+05
   1.6110173e+05  -1.8506294e+05
   1.6109554e+05  -1.8406936e+05
   1.6108935e+05  -1.8307579e+05
   1.6108316e+05  -1.8208221e+05
   1.6107697e+05  -1.8108863e+05
   1.6107078e+05  -1.8009505e+05
   1.6106459e+05  -1.7910147e+05
   1.6105840e+05  -1.7810789e+05
   1.6105222e+05  -1.7711431e+05
   1.6104603e+05  -1.7612074e+05
   1.6103984e+05  -1.7512716e+05
   1.6103366e+05  -1.7413358e+05
   1.6102747e+05  -1.7314000e+05
   1.6102129e+05  -1.7214642e+05
   1.6101510e+05  -1.7115284e+05
   1.6100892e+05  -1.7015926e+05
   1.6100274e+05  -1.6916568e+05
   1.6099655e+05  -1.6817211e+05
   1.6099037e+05  -1.6717853e+05
   1.6098419e+05  -1.6618495e+05
   1.6097801e+05  -1.6519137e+05
   1.6097183e+05  -1.6419779e+05
   1.6096565e+05  -1.6320421e+05
   1.6095947e+05  -1.6221063e+05
   1.6095329e+05  -1.6121705e+05
   1.6094712e+05  -1.6022348e+05
   1.6094094e+05  -1.5922990e+05
   1.6093476e+05  -1.5823632e+05
   1.6092859e+05  -1.5724274e+05
   1.6092241e+05  -1.5624916e+05
   1.6091624e+05  -1.5525558e+05
   1.6091007e+05  -1.5426200e+05
   1.6090390e+05  -1.5326842e+05
   1.6089773e+05  -1.5227484e+05
   1.6089155e+05  -1.5128126e+05
   1.6088539e+05  -1.5028769e+05
   1.6087922e+05  -1.4929411e+05
   1.6087305e+05  -1.4830053e+05
   1.6086688e+05  -1.4730695e+05
   1.6086072e+05  -1.4631337e+05
   1.6085455e+05  -1.4531979e+05
   1.6084839e+05  -1.4432621e+05
   1.6084222e+05  -1.4333263e+05
   1.6083606e+05  -1.4233905e+05
   1.6082990e+05  -1.4134547e+05
   1.6082374e+05  -1.4035189e+05
   1.6081758e+05  -1.3935831e+05
   1.6081143e+05  -1.3836473e+05
   1.6080527e+05  -1.3737115e+05
   1.6079912e+05  -1.3637758e+05
   1.6079296e+05  -1.3538400e+05
   1.6078681e+05  -1.3439042e+05
   1.6078066e+05  -1.3339684e+05
   1.6077451e+05  -1.3240326e+05
   1.6076836e+05  -1.3140968e+05
   1.6076221e+05  -1.3041610e+05
   1.6075607e+05  -1.2942252e+05
   1.6074992e+05  -1.2842894e+05
   1.6074378e+05  -1.2743536e+05
   1.6073764e+05  -1.2644178e+05
   1.6073150e+05  -1.2544820e+05
   1.6072536e+05  -1.2445462e+05
   1.6071922e+05  -1.2346104e+05
   1.6071309e+05  -1.2246746e+05
   1.6070695e+05  -1.2147388e+05
   1.6070082e+05  -1.2048030e+05
   1.6069469e+05  -1.1948672e+05
   1.6068856e+05  -1.1849314e+05
   1.6068244e+05  -1.1749956e+05
   1.6067632e+05  -1.1650598e+05
   1.6067019e+05  -1.1551240e+05
   1.6066407e+05  -1.1451881e+05
   1.6065796e+05  -1.1352523e+05
   1.6065184e+05  -1.1253165e+05
   1.6064573e+05  -1.1153807e+05
   1.6063962e+05  -1.1054449e+05
   1.6063351e+05  -1.0955091e+05
   1.6062741e+05  -1.0855733e+05
   1.6062130e+05  -1.0756375e+05
   1.6061520e+05  -1.0657017e+05
   1.6060911e+05  -1.0557658e+05
   1.6060301e+05  -1.0458300e+05
   1.6059692e+05  -1.0358942e+05
   1.6059084e+05  -1.0259584e+05
   1.6058475e+05  -1.0160226e+05
   1.6057867e+05  -1.0060868e+05
   1.6057259e+05  -9.9615094e+04
   1.6056652e+05  -9.8621511e+04
   1.6056045e+05  -9.7627929e+04
   1.6055438e+05  -9.6634346e+04
   1.6054832e+05  -9.5640763e+04
   1.6054226e+05  -9.4647180e+04
   1.6053621e+05  -9.3653597e+04
   1.6053016e+05  -9.2660013e+04
   1.6052411e+05  -9.1666430e+04
   1.6051808e+05  -9.0672846e+04
   1.6051204e+05  -8.9679261e+04
   1.6050601e+05  -8.8685677e+04
   1.6049999e+05  -8.7692092e+04
   1.6049397e+05  -8.6698507e+04
   1.6048796e+05  -8.5704922e+04
   1.6048196e+05  -8.4711336e+04
   1.6047596e+05  -8.3717750e+04
   1.6046997e+05  -8.2724164e+04
   1.6046399e+05  -8.1730577e+04
   1.6045802e+05  -8.0736990e+04
   1.6045205e+05  -7.9743402e+04
   1.6044609e+05  -7.8749813e+04
   1.6044015e+05  -7.7756224e+04
   1.6043421e+05  -7.6762635e+04
   1.6042828e+05  -7.5769045e+04
   1.6042237e+05  -7.4775454e+04
   1.6041647e+05  -7.3781862e+04
   1.6041058e+05  -7.2788269e+04
   1.6040470e+05  -7.1794675e+04
   1.6039884e+05  -7.0801081e+04
   1.6039299e+05  -6.9807484e+04
   1.6038717e+05  -6.8813887e+04
   1.6038136e+05  -6.7820288e+04
   1.6037557e+05  -6.6826687e+04
   1.6036980e+05  -6.5833085e+04
   1.6036406e+05  -6.4839480e+04
   1.6035835e+05  -6.3845873e+04
   1.6035266e+05  -6.2852262e+04
   1.6034700e+05  -6.1858648e+04
   1.6034139e+05  -6.0865031e+04
   1.6033581e+05  -5.9871408e+04
   1.6033028e+05  -5.8877780e+04
   1.6032480e+05  -5.7884145e+04
   1.6031937e+05  -5.6890502e+04
   1.6031402e+05  -5.5896849e+04
   1.6030875e+05  -5.4903182e+04
   1.6030357e+05  -5.3909499e+04
   1.6029851e+05  -5.2915794e+04
   1.6029358e+05  -5.1922058e+04
   1.6028884e+05  -5.0928281e+04
   1.6028431e+05  -4.9934441e+04
   1.6028009e+05  -4.8940505e+04
   1.6027629e+05  -4.7946408e+04
   1.6027310e+05  -4.6952014e+04
   1.6027088e+05  -4.5956991e+04
524
   1.6027088e+05  -4.5956991e+04
   1.5933520e+05  -4.5957812e+04
   1.5839616e+05  -4.5957664e+04
   1.5745442e+05  -4.5956873e+04
   1.5651043e+05  -4.5955634e+04
   1.5556452e+05  -4.5954067e+04
   1.5461695e+05  -4.5952252e+04
   1.5366790e+05  -4.5950242e+04
   1.5271753e+05  -4.5948076e+04
   1.5176596e+05  -4.5945781e+04
   1.5081330e+05  -4.5943379e+04
   1.4985963e+05  -4.5940885e+04
   1.4890504e+05  -4.5938313e+04
   1.4794957e+05  -4.5935674e+04
   1.4699330e+05  -4.5932974e+04
   1.4603627e+05  -4.5930222e+04
   1.4507852e+05  -4.5927423e+04
   1.4412010e+05  -4.5924582e+04
   1.4316103e+05  -4.5921702e+04
   1.4220135e+05  -4.5918788e+04
   1.4124109e+05  -4.5915843e+04
   1.4028027e+05  -4.5912869e+04
   1.3931892e+05  -4.5909869e+04
   1.3835706e+05  -4.5906844e+04
   1.3739471e+05  -4.5903796e+04
   1.3643190e+05  -4.5900728e+04
   1.3546862e+05  -4.5897640e+04
   1.3450492e+05  -4.5894533e+04
   1.3354079e+05  -4.5891410e+04
   1.3257625e+05  -4.5888270e+04
   1.3161131e+05  -4.5885116e+04
   1.3064600e+05  -4.5881947e+04
   1.2968031e+05  -4.5878764e+04
   1.2871427e+05  -4.5875569e+04
   1.2774788e+05  -4.5872362e+04
   1.2678114e+05  -4.5869144e+04
   1.2581408e+05  -4.5865915e+04
   1.2484670e+05  -4.5862675e+04
   1.2387900e+05  -4.5859426e+04
   1.2291100e+05  -4.5856167e+04
   1.2194270e+05  -4.5852899e+04
   1.2097412e+05  -4.5849622e+04
   1.2000525e+05  -4.5846337e+04
   1.1903610e+05  -4.5843045e+04
   1.1806669e+05  -4.5839745e+04
   1.1709701e+05  -4.5836437e+04
   1.1612707e+05  -4.5833122e+04
   1.1515688e+05  -4.5829801e+04
   1.1418645e+05  -4.5826473e+04
   1.1321577e+05  -4.5823139e+04
   1.1224486e+05  -4.5819799e+04
   1.1127372e+05  -4.5816453e+04
   1.1030234e+05  -4.5813101e+04
   1.0933075e+05  -4.5809744e+04
   1.0835894e+05  -4.5806382e+04
   1.0738691e+05  -4.5803015e+04
   1.0641467e+05  -4.5799642e+04
   1.0544223e+05  -4.5796265e+04
   1.0446959e+05  -4.5792883e+04
   1.0349674e+05  -4.5789496e+04
   1.0252370e+05  -4.5786106e+04
   1.0155047e+05  -4.5782711e+04
   1.0057705e+05  -4.5779311e+04
   9.9603448e+04  -4.5775908e+04
   9.8629661e+04  -4.5772501e+04
   9.7655695e+04  -4.5769090e+04
   9.6681553e+04  -4.5765675e+04
   9.5707238e+04  -4.5762256e+04
   9.4732752e+04  -4.5758834e+04
   9.3758099e+04  -4.5755409e+04
   9.2783280e+04  -4.5751980e+04
   9.1808299e+04  -4.5748548e+04
   9.0833158e+04  -4.5745113e+04
   8.9857860e+04  -4.5741674e+04
   8.8882406e+04  -4.5738233e+04
   8.7906800e+04  -4.5734788e+04
   8.6931043e+04  -4.5731341e+04
   8.5955138e+04  -4.5727890e+04
   8.4979087e+04  -4.5724437e+04
   8.4002892e+04  -4.5720981e+04
   8.3026555e+04  -4.5717523e+04
   8.2050079e+04  -4.5714062e+04
   8.1073464e+04  -4.5710598e+04
   8.0096714e+04  -4.5707131e+04
   7.9119829e+04  -4.5703663e+04
   7.8142813e+04  -4.5700191e+04
   7.7165666e+04  -4.5696718e+04
   7.6188391e+04  -4.5693242e+04
   7.5210989e+04  -4.5689764e+04
   7.4233462e+04  -4.5686283e+04
   7.3255812e+04  -4.5682800e+04
   7.2278040e+04  -4.5679315e+04
   7.1300148e+04  -4.5675828e+04
   7.0322137e+04  -4.5672339e+04
   6.9344009e+04  -4.5668848e+04
   6.8365766e+04  -4.5665355e+04
   6.7387410e+04  -4.5661860e+04
   6.6408940e+04  -4.5658363e+04
   6.5430360e+04  -4.5654864e+04
   6.4451671e+04  -4.5651363e+04
   6.3472873e+04  -4.5647860e+04
   6.2493968e+04  -4.5644355e+04
   6.1514958e+04  -4.5640849e+04
   6.0535844e+04  -4.5637341e+04
   5.9556627e+04  -4.5633831e+04
   5.8577309e+04  -4.5630319e+04
   5.7597890e+04  -4.5626806e+04
   5.6618373e+04  -4.5623291e+04
   5.5638758e+04  -4.5619774e+04
   5.4659046e+04  -4.5616256e+04
   5.3679239e+04  -4.5612736e+04
   5.2699337e+04  -4.5609214e+04
   5.1719343e+04  -4.5605691e+04
   5.0739257e+04  -4.5602167e+04
   4.9759080e+04  -4.5598641e+04
   4.8778814e+04  -4.5595113e+04
   4.7798459e+04  -4.5591584e+04
   4.6818016e+04  -4.5588054e+04
   4.5837487e+04  -4.5584522e+04
   4.4856873e+04  -4.5580989e+04
   4.3876174e+04  -4.5577454e+04
   4.2895392e+04  -4.5573918e+04
   4.1914528e+04  -4.5570381e+04
   4.0933582e+04  -4.5566842e+04
   3.9952556e+04  -4.5563302e+04
   3.8971450e+04  -4.5559761e+04
   3.7990267e+04  -4.5556219e+04
   3.7009005e+04  -4.5552675e+04
   3.6027667e+04  -4.5549130e+04
   3.5046254e+04  -4.5545583e+04
   3.4064765e+04  -4.5542036e+04
   3.3083203e+04  -4.5538487e+04
   3.2101568e+04  -4.5534937e+04
   3.1119861e+04  -4.5531386e+04
   3.0138083e+04  -4.5527834e+04
   2.9156234e+04  -4.5524280e+04
   2.8174315e+04  -4.5520726e+04
   2.7192328e+04  -4.5517170e+04
   2.6210274e+04  -4.5513613e+04
   2.5228152e+04  -4.5510055e+04
   2.4245964e+04  -4.5506496e+04
   2.3263710e+04  -4.5502936e+04
   2.2281392e+04  -4.5499375e+04
   2.1299010e+04  -4.5495813e+04
   2.0316565e+04  -4.5492250e+04
   1.9334057e+04  -4.5488686e+04
   1.8351488e+04  -4.5485120e+04
   1.7368858e+04  -4.5481554e+04
   1.6386168e+04  -4.5477987e+04
   1.5403419e+04  -4.5474418e+04
   1.4420612e+04  -4.5470849e+04
   1.3437746e+04  -4.5467279e+04
   1.2454823e+04  -4.5463708e+04
   1.1471844e+04  -4.5460136e+04
   1.0488809e+04  -4.5456563e+04
   9.5057190e+03  -4.5452989e+04
   8.5225746e+03  -4.5449414e+04
   7.5393766e+03  -4.5445838e+04
   6.5561257e+03  -4.5442261e+04
   5.5728224e+03  -4.5438684e+04
   4.5894675e+03  -4.5435105e+04
   3.6060616e+03  -4.5431526e+04
   2.6226053e+03  -4.5427945e+04
   1.6390994e+03  -4.5424364e+04
   6.5554453e+02  -4.5420782e+04
  -3.2805878e+02  -4.5417200e+04
  -1.3117098e+03  -4.5413616e+04
  -2.2954080e+03  -4.5410031e+04
  -3.2791527e+03  -4.5406446e+04
  -4.2629432e+03  -4.5402860e+04
  -5.2467791e+03  -4.5399273e+04
  -6.2306595e+03  -4.5395685e+04
  -7.2145840e+03  -4.5392097e+04
  -8.1985519e+03  -4.5388507e+04
  -9.1825627e+03  -4.5384917e+04
  -1.0166616e+04  -4.5381327e+04
  -1.1150710e+04  -4.5377735e+04
  -1.2134846e+04  -4.5374142e+04
  -1.3119022e+04  -4.5370549e+04
  -1.4103239e+04  -4.5366955e+04
  -1.5087494e+04  -4.5363361e+04
  -1.6071788e+04  -4.5359765e+04
  -1.7056121e+04  -4.5356169e+04
  -1.8040491e+04  -4.5352572e+04
  -1.9024898e+04  -4.5348975e+04
  -2.0009342e+04  -4.5345377e+04
  -2.0993822e+04  -4.5341778e+04
  -2.1978337e+04  -4.5338178e+04
  -2.2962887e+04  -4.5334578e+04
  -2.3947471e+04  -4.5330977e+04
  -2.4932089e+04  -4.5327375e+04
  -2.5916741e+04  -4.5323772e+04
  -2.6901425e+04  -4.5320169e+04
  -2.7886141e+04  -4.5316565e+04
  -2.8870889e+04  -4.5312961e+04
  -2.9855668e+04  -4.5309356e+04
  -3.0840478e+04  -4.5305750e+04
  -3.1825318e+04  -4.5302144e+04
  -3.2810187e+04  -4.5298537e+04
  -3.3795086e+04  -4.5294929e+04
  -3.4780013e+04  -4.5291321e+04
  -3.5764968e+04  -4.5287712e+04
  -3.6749951e+04  -4.5284102e+04
  -3.7734960e+04  -4.5280492e+04
  -3.8719997e+04  -4.5276881e+04
  -3.9705059e+04  -4.5273269e+04
  -4.0690147e+04  -4.5269657e+04
  -4.1675260e+04  -4.5266045e+04
  -4.2660397e+04  -4.5262431e+04
  -4.3645558e+04  -4.5258817e+04
  -4.4630744e+04  -4.5255203e+04
  -4.5615952e+04  -4.5251588e+04
  -4.6601182e+04  -4.5247972e+04
  -4.7586435e+04  -4.5244356e+04
  -4.8571710e+04  -4.5240739e+04
  -4.9557005e+04  -4.5237121e+04
  -5.0542322e+04  -4.5233503e+04
  -5.1527658e+04  -4.5229885e+04
  -5.2513015e+04  -4.5226266e+04
  -5.3498390e+04  -4.5222646e+04
  -5.4483784e+04  -4.5219026e+04
  -5.5469197e+04  -4.5215405e+04
  -5.6454627e+04  -4.5211784e+04
  -5.7440075e+04  -4.5208162e+04
  -5.8425540e+04  -4.5204539e+04
  -5.9411021e+04  -4.5200916e+04
  -6.0396518e+04  -4.5197293e+04
  -6.1382031e+04  -4.5193668e+04
  -6.2367559e+04  -4.5190044e+04
  -6.3353101e+04  -4.5186419e+04
  -6.4338658e+04  -4.5182793e+04
  -6.5324228e+04  -4.5179167e+04
  -6.6309811e+04  -4.5175540e+04
  -6.7295407e+04  -4.5171913e+04
  -6.8281016e+04  -4.5168285e+04
  -6.9266636e+04  -4.5164657e+04
  -7.0252268e+04  -4.5161028e+04
  -7.1237911e+04  -4.5157398e+04
  -7.2223564e+04  -4.5153769e+04
  -7.3209227e+04  -4.5150138e+04
  -7.4194900e+04  -4.5146507e+04
  -7.5180582e+04  -4.5142876e+04
  -7.6166273e+04  -4.5139244e+04
  -7.7151972e+04  -4.5135612e+04
  -7.8137679e+04  -4.5131979e+04
  -7.9123394e+04  -4.5128346e+04
  -8.0109115e+04  -4.5124712e+04
  -8.1094843e+04  -4.5121078e+04
  -8.2080576e+04  -4.5117443e+04
  -8.3066316e+04  -4.5113808e+04
  -8.4052060e+04  -4.5110172e+04
  -8.5037810e+04  -4.5106536e+04
  -8.6023563e+04  -4.5102899e+04
  -8.7009321e+04  -4.5099262e+04
  -8.7995082e+04  -4.5095624e+04
  -8.8980845e+04  -4.5091986e+04
  -8.9966612e+04  -4.5088347e+04
  -9.0952380e+04  -4.5084708e+04
  -9.1938150e+04  -4.5081069e+04
  -9.2923921e+04  -4.5077429e+04
  -9.3909693e+04  -4.5073788e+04
  -9.4895466e+04  -4.5070147e+04
  -9.5881238e+04  -4.5066506e+04
  -9.6867009e+04  -4.5062864e+04
  -9.7852780e+04  -4.5059222e+04
  -9.8838549e+04  -4.5055579e+04
  -9.9824316e+04  -4.5051936e+04
  -1.0081008e+05  -4.5048292e+04
  -1.0179584e+05  -4.5044648e+04
  -1.0278160e+05  -4.5041004e+04
  -1.0376736e+05  -4.5037359e+04
  -1.0475311e+05  -4.5033713e+04
  -1.0573886e+05  -4.5030067e+04
  -1.0672460e+05  -4.5026421e+04
  -1.0771033e+05  -4.5022774e+04
  -1.0869606e+05  -4.5019127e+04
  -1.0968179e+05  -4.5015479e+04
  -1.1066751e+05  -4.5011831e+04
  -1.1165322e+05  -4.5008183e+04
  -1.1263892e+05  -4.5004534e+04
  -1.1362461e+05  -4.5000884e+04
  -1.1461030e+05  -4.4997235e+04
  -1.1559597e+05  -4.4993584e+04
  -1.1658164e+05  -4.4989934e+04
  -1.1756730e+05  -4.4986283e+04
  -1.1855295e+05  -4.4982631e+04
  -1.1953858e+05  -4.4978979e+04
  -1.2052421e+05  -4.4975327e+04
  -1.2150982e+05  -4.4971674e+04
  -1.2249542e+05  -4.4968021e+04
  -1.2348101e+05  -4.4964367e+04
  -1.2446659e+05  -4.4960713e+04
  -1.2545215e+05  -4.4957058e+04
  -1.2643770e+05  -4.4953403e+04
  -1.2742323e+05  -4.4949748e+04
  -1.2840875e+05  -4.4946092e+04
  -1.2939426e+05  -4.4942436e+04
  -1.3037974e+05  -4.4938779e+04
  -1.3136522e+05  -4.4935122e+04
  -1.3235067e+05  -4.4931464e+04
  -1.3333611e+05  -4.4927806e+04
  -1.3432153e+05  -4.4924148e+04
  -1.3530693e+05  -4.4920489e+04
  -1.3629232e+05  -4.4916830e+04
  -1.3727768e+05  -4.4913170e+04
  -1.3826302e+05  -4.4909510e+04
  -1.3924835e+05  -4.4905850e+04
  -1.4023365e+05  -4.4902189e+04
  -1.4121894e+05  -4.4898528e+04
  -1.4220420e+05  -4.4894866e+04
  -1.4318944e+05  -4.4891204e+04
  -1.4417466e+05  -4.4887541e+04
  -1.4515985e+05  -4.4883878e+04
  -1.4614502e+05  -4.4880215e+04
  -1.4713017e+05  -4.4876551e+04
  -1.4811530e+05  -4.4872887e+04
  -1.4910039e+05  -4.4869222e+04
  -1.5008547e+05  -4.4865557e+04
  -1.5107051e+05  -4.4861891e+04
  -1.5205554e+05  -4.4858225e+04
  -1.5304053e+05  -4.4854559e+04
  -1.5402550e+05  -4.4850892e+04
  -1.5501044e+05  -4.4847225e+04
  -1.5599535e+05  -4.4843557e+04
  -1.5698023e+05  -4.4839889e+04
  -1.5796508e+05  -4.4836221e+04
  -1.5894990e+05  -4.4832552e+04
  -1.5993470e+05  -4.4828882e+04
  -1.6091946e+05  -4.4825212e+04
  -1.6190419e+05  -4.4821542e+04
  -1.6288888e+05  -4.4817871e+04
  -1.6387355e+05  -4.4814200e+04
  -1.6485818e+05  -4.4810529e+04
  -1.6584278e+05  -4.4806857e+04
  -1.6682734e+05  -4.4803184e+04
  -1.6781187e+05  -4.4799511e+04
  -1.6879637e+05  -4.4795838e+04
  -1.6978083e+05  -4.4792164e+04
  -1.7076525e+05  -4.4788490e+04
  -1.7174964e+05  -4.4784816e+04
  -1.7273399e+05  -4.4781140e+04
  -1.7371830e+05  -4.4777465e+04
  -1.7470257e+05  -4.4773789e+04
  -1.7568680e+05  -4.4770112e+04
  -1.7667099e+05  -4.4766436e+04
  -1.7765515e+05  -4.4762758e+04
  -1.7863926e+05  -4.4759080e+04
  -1.7962333e+05  -4.4755402e+04
  -1.8060736e+05  -4.4751723e+04
  -1.8159134e+05  -4.4748044e+04
  -1.8257529e+05  -4.4744364e+04
  -1.8355919e+05  -4.4740684e+04
  -1.8454304e+05  -4.4737004e+04
  -1.8552685e+05  -4.4733323e+04
  -1.8651062e+05  -4.4729641e+04
  -1.8749433e+05  -4.4725959e+04
  -1.8847800e+05  -4.4722277e+04
  -1.8946163e+05  -4.4718594e+04
  -1.9044520e+05  -4.4714910e+04
  -1.9142873e+05  -4.4711226e+04
  -1.9241221e+05  -4.4707542e+04
  -1.9339563e+05  -4.4703857e+04
  -1.9437901e+05  -4.4700171e+04
  -1.9536234e+05  -4.4696485e+04
  -1.9634561e+05  -4.4692799e+04
  -1.9732883e+05  -4.4689112e+04
  -1.9831200e+05  -4.4685424e+04
  -1.9929511e+05  -4.4681736e+04
  -2.0027817e+05  -4.4678048e+04
  -2.0126117e+05  -4.4674359e+04
  -2.0224412e+05  -4.4670669e+04
  -2.0322701e+05  -4.4666979e+04
  -2.0420984e+05  -4.4663288e+04
  -2.0519261e+05  -4.4659597e+04
  -2.0617533e+05  -4.4655905e+04
  -2.0715798e+05  -4.4652213e+04
  -2.0814058e+05  -4.4648520e+04
  -2.0912311e+05  -4.4644827e+04
  -2.1010558e+05  -4.4641133e+04
  -2.1108799e+05  -4.4637438e+04
  -2.1207034e+05  -4.4633743e+04
  -2.1305262e+05  -4.4630047e+04
  -2.1403483e+05  -4.4626351e+04
  -2.1501698e+05  -4.4622654e+04
  -2.1599906e+05  -4.4618956e+04
  -2.1698108e+05  -4.4615258e+04
  -2.1796303e+05  -4.4611559e+04
  -2.1894490e+05  -4.4607860e+04
  -2.1992671e+05  -4.4604160e+04
  -2.2090845e+05  -4.4600459e+04
  -2.2189011e+05  -4.4596758e+04
  -2.2287171e+05  -4.4593056e+04
  -2.2385323e+05  -4.4589353e+04
  -2.2483467e+05  -4.4585650e+04
  -2.2581604e+05  -4.4581946e+04
  -2.2679733e+05  -4.4578242e+04
  -2.2777855e+05  -4.4574536e+04
  -2.2875969e+05  -4.4570830e+04
  -2.2974075e+05  -4.4567124e+04
  -2.3072173e+05  -4.4563416e+04
  -2.3170263e+05  -4.4559708e+04
  -2.3268344e+05  -4.4555999e+04
  -2.3366418e+05  -4.4552289e+04
  -2.3464483e+05  -4.4548579e+04
  -2.3562539e+05  -4.4544868e+04
  -2.3660587e+05  -4.4541156e+04
  -2.3758626e+05  -4.4537443e+04
  -2.3856656e+05  -4.4533729e+04
  -2.3954678e+05  -4.4530015e+04
  -2.4052690e+05  -4.4526300e+04
  -2.4150693e+05  -4.4522584e+04
  -2.4248687e+05  -4.4518867e+04
  -2.4346672e+05  -4.4515149e+04
  -2.4444647e+05  -4.4511430e+04
  -2.4542613e+05  -4.4507711e+04
  -2.4640568e+05  -4.4503990e+04
  -2.4738514e+05  -4.4500269e+04
  -2.4836450e+05  -4.4496547e+04
  -2.4934376e+05  -4.4492823e+04
  -2.5032292e+05  -4.4489099e+04
  -2.5130197e+05  -4.4485374e+04
  -2.5228092e+05  -4.4481647e+04
  -2.5325976e+05  -4.4477920e+04
  -2.5423850e+05  -4.4474192e+04
  -2.5521712e+05  -4.4470462e+04
  -2.5619564e+05  -4.4466732e+04
  -2.5717404e+05  -4.4463000e+04
  -2.5815233e+05  -4.4459267e+04
  -2.5913050e+05  -4.4455533e+04
  -2.6010856e+05  -4.4451798e+04
  -2.6108650e+05  -4.4448061e+04
  -2.6206432e+05  -4.4444324e+04
  -2.6304203e+05  -4.4440585e+04
  -2.6401960e+05  -4.4436845e+04
  -2.6499706e+05  -4.4433103e+04
  -2.6597438e+05  -4.4429360e+04
  -2.6695158e+05  -4.4425616e+04
  -2.6792865e+05  -4.4421871e+04
  -2.6890559e+05  -4.4418123e+04
  -2.6988240e+05  -4.4414375e+04
  -2.7085906e+05  -4.4410625e+04
  -2.7183560e+05  -4.4406873e+04
  -2.7281199e+05  -4.4403120e+04
  -2.7378824e+05  -4.4399365e+04
  -2.7476435e+05  -4.4395609e+04
  -2.7574032e+05  -4.4391850e+04
  -2.7671613e+05  -4.4388090e+04
  -2.7769180e+05  -4.4384329e+04
  -2.7866732e+05  -4.4380565e+04
  -2.7964268e+05  -4.4376799e+04
  -2.8061788e+05  -4.4373032e+04
  -2.8159293e+05  -4.4369262e+04
  -2.8256781e+05  -4.4365491e+04
  -2.8354253e+05  -4.4361717e+04
  -2.8451709e+05  -4.4357941e+04
  -2.8549147e+05  -4.4354163e+04
  -2.8646568e+05  -4.4350382e+04
  -2.8743972e+05  -4.4346599e+04
  -2.8841358e+05  -4.4342814e+04
  -2.8938725e+05  -4.4339026e+04
  -2.9036075e+05  -4.4335235e+04
  -2.9133405e+05  -4.4331442e+04
  -2.9230717e+05  -4.4327646e+04
  -2.9328009e+05  -4.4323847e+04
  -2.9425282e+05  -4.4320045e+04
  -2.9522534e+05  -4.4316239e+04
  -2.9619766e+05  -4.4312431e+04
  -2.9716977e+05  -4.4308619e+04
  -2.9814166e+05  -4.4304804e+04
  -2.9911334e+05  -4.4300985e+04
  -3.0008480e+05  -4.4297162e+04
  -3.0105604e+05  -4.4293335e+04
  -3.0202704e+05  -4.4289504e+04
  -3.0299781e+05  -4.4285669e+04
  -3.0396834e+05  -4.4281830e+04
  -3.0493863e+05  -4.4277986e+04
  -3.0590866e+05  -4.4274137e+04
  -3.0687844e+05  -4.4270283e+04
  -3.0784796e+05  -4.4266424e+04
  -3.0881721e+05  -4.4262559e+04
  -3.0978619e+05  -4.4258689e+04
  -3.1075488e+05  -4.4254812e+04
  -3.1172329e+05  -4.4250929e+04
  -3.1269141e+05  -4.4247040e+04
  -3.1365922e+05  -4.4243143e+04
  -3.1462672e+05  -4.4239239e+04
  -3.1559391e+05  -4.4235327e+04
  -3.1656077e+05  -4.4231407e+04
  -3.1752729e+05  -4.4227478e+04
  -3.1849347e+05  -4.4223540e+04
  -3.1945929e+05  -4.4219592e+04
  -3.2042475e+05  -4.4215633e+04
  -3.2138983e+05  -4.4211663e+04
  -3.2235452e+05  -4.4207682e+04
  -3.2331880e+05  -4.4203687e+04
  -3.2428267e+05  -4.4199679e+04
  -3.2524611e+05  -4.4195657e+04
  -3.2620910e+05  -4.4191618e+04
  -3.2717162e+05  -4.4187562e+04
  -3.2813366e+05  -4.4183488e+04
  -3.2909520e+05  -4.4179394e+04
  -3.3005622e+05  -4.4175278e+04
  -3.3101668e+05  -4.4171138e+04
  -3.3197658e+05  -4.4166972e+04
  -3.3293587e+05  -4.4162776e+04
  -3.3389454e+05  -4.4158549e+04
  -3.3485253e+05  -4.4154286e+04
  -3.3580983e+05  -4.4149982e+04
  -3.3676638e+05  -4.4145634e+04
  -3.3772214e+05  -4.4141234e+04
  -3.3867705e+05  -4.4136775e+04
  -3.3963105e+05  -4.4132248e+04
  -3.4058408e+05  -4.4127642e+04
  -3.4153604e+05  -4.4122943e+04
  -3.4248685e+05  -4.4118131e+04
  -3.4343637e+05  -4.4113182e+04
  -3.4438448e+05  -4.4108063e+04
  -3.4533098e+05  -4.4102727e+04
  -3.4627566e+05  -4.4097107e+04
  -3.4721821e+05  -4.4091101e+04
  -3.4815823e+05  -4.4084546e+04
  -3.4909514e+05  -4.4077174e+04
  -3.5002800e+05  -4.4068529e+04
  -3.5095463e+05  -4.4057950e+04
