153
  -2.1579613e+05  -1.1319274e+05
  -2.1581705e+05  -1.1609825e+05
  -2.1583944e+05  -1.1900347e+05
  -2.1586247e+05  -1.2190861e+05
  -2.1588583e+05  -1.2481372e+05
  -2.1590941e+05  -1.2771882e+05
  -2.1593314e+05  -1.3062390e+05
  -2.1595698e+05  -1.3352898e+05
  -2.1598090e+05  -1.3643406e+05
  -2.1600489e+05  -1.3933913e+05
  -2.1602894e+05  -1.4224420e+05
  -2.1605302e+05  -1.4514926e+05
  -2.1607715e+05  -1.4805433e+05
  -2.1610130e+05  -1.5095939e+05
  -2.1612548e+05  -1.5386446e+05
  -2.1614969e+05  -1.5676952e+05
  -2.1617391e+05  -1.5967458e+05
  -2.1619815e+05  -1.6257964e+05
  -2.1622241e+05  -1.6548470e+05
  -2.1624669e+05  -1.6838976e+05
  -2.1627097e+05  -1.7129482e+05
  -2.1629527e+05  -1.7419988e+05
  -2.1631958e+05  -1.7710494e+05
  -2.1634390e+05  -1.8001000e+05
  -2.1636822e+05  -1.8291506e+05
  -2.1639256e+05  -1.8582012e+05
  -2.1641690e+05  -1.8872518e+05
  -2.1644124e+05  -1.9163024e+05
  -2.1646560e+05  -1.9453529e+05
  -2.1648996e+05  -1.9744035e+05
  -2.1651432e+05  -2.0034541e+05
  -2.1653869e+05  -2.0325047e+05
  -2.1656307e+05  -2.0615552e+05
  -2.1658745e+05  -2.0906058e+05
  -2.1661183e+05  -2.1196564e+05
  -2.1663621e+05  -2.1487069e+05
  -2.1666060e+05  -2.1777575e+05
  -2.1668500e+05  -2.2068081e+05
  -2.1670939e+05  -2.2358586e+05
  -2.1673379e+05  -2.2649092e+05
  -2.1675819e+05  -2.2939598e+05
  -2.1678260e+05  -2.3230103e+05
  -2.1680700e+05  -2.3520609e+05
  -2.1683141e+05  -2.3811115e+05
  -2.1685582e+05  -2.4101620e+05
  -2.1688023e+05  -2.4392126e+05
  -2.1690465e+05  -2.4682632e+05
  -2.1692906e+05  -2.4973137e+05
  -2.1695348e+05  -2.5263643e+05
  -2.1697790e+05  -2.5554148e+05
  -2.1700232e+05  -2.5844654e+05
  -2.1702674e+05  -2.6135160e+05
  -2.1705117e+05  -2.6425665e+05
  -2.1707559e+05  -2.6716171e+05
  -2.1710002e+05  -2.7006676e+05
  -2.1712444e+05  -2.7297182e+05
  -2.1714887e+05  -2.7587688e+05
  -2.1717330e+05  -2.7878193e+05
  -2.1719773e+05  -2.8168699e+05
  -2.1722216e+05  -2.8459204e+05
  -2.1724659e+05  -2.8749710e+05
  -2.1727102e+05  -2.9040215e+05
  -2.1729545e+05  -2.9330721e+05
  -2.1731988e+05  -2.9621227e+05
  -2.1734432e+05  -2.9911732e+05
  -2.1736875e+05  -3.0202238e+05
  -2.1739318e+05  -3.0492743e+05
  -2.1741762e+05  -3.0783249e+05
  -2.1744205e+05  -3.1073755e+05
  -2.1746649e+05  -3.1364260e+05
  -2.1749092e+05  -3.1654766e+05
  -2.1751536e+05  -3.1945271e+05
  -2.1753979e+05  -3.2235777e+05
  -2.1756423e+05  -3.2526282e+05
  -2.1758866e+05  -3.2816788e+05
  -2.1761310e+05  -3.3107294e+05
  -2.1763754e+05  -3.3397799e+05
  -2.1766197e+05  -3.3688305e+05
  -2.1768641e+05  -3.3978810e+05
  -2.1771084e+05  -3.4269316e+05
  -2.1773528e+05  -3.4559822e+05
  -2.1775971e+05  -3.4850327e+05
  -2.1778415e+05  -3.5140833e+05
  -2.1780858e+05  -3.5431339e+05
  -2.1783302e+05  -3.5721844e+05
  -2.1785745e+05  -3.6012350e+05
  -2.1788189e+05  -3.6302855e+05
  -2.1790632e+05  -3.6593361e+05
  -2.1793075e+05  -3.6883867e+05
  -2.1795518e+05  -3.7174372e+05
  -2.1797961e+05  -3.7464878e+05
  -2.1800405e+05  -3.7755384e+05
  -2.1802848e+05  -3.8045889e+05
  -2.1805290e+05  -3.8336395e+05
  -2.1807733e+05  -3.8626901e+05
  -2.1810176e+05  -3.8917406e+05
  -2.1812619e+05  -3.9207912e+05
  -2.1815061e+05  -3.9498418e+05
  -2.1817504e+05  -3.9788923e+05
  -2.1819946e+05  -4.0079429e+05
  -2.1822388e+05  -4.0369935e+05
  -2.1824830e+05  -4.0660440e+05
  -2.1827272e+05  -4.0950946e+05
  -2.1829714e+05  -4.1241452e+05
  -2.1832156e+05  -4.1531957e+05
  -2.1834597e+05  -4.1822463e+05
  -2.1837039e+05  -4.2112969e+05
  -2.1839480e+05  -4.2403475e+05
  -2.1841921e+05  -4.2693980e+05
  -2.1844361e+05  -4.2984486e+05
  -2.1846802e+05  -4.3274992e+05
  -2.1849242e+05  -4.3565498e+05
  -2.1851682e+05  -4.3856004e+05
  -2.1854122e+05  -4.4146509e+05
  -2.1856561e+05  -4.4437015e+05
  -2.1859000e+05  -4.4727521e+05
  -2.1861439e+05  -4.5018027e+05
  -2.1863878e+05  -4.5308533e+05
  -2.1866316e+05  -4.5599039e+05
  -2.1868753e+05  -4.5889544e+05
  -2.1871190e+05  -4.6180050e+05
  -2.1873627e+05  -4.6470556e+05
  -2.1876063e+05  -4.6761062e+05
  -2.1878499e+05  -4.7051568e+05
  -2.1880934e+05  -4.7342074e+05
  -2.1883369e+05  -4.7632580e+05
  -2.1885803e+05  -4.7923086e+05
  -2.1888236e+05  -4.8213592e+05
  -2.1890668e+05  -4.8504098e+05
  -2.1893099e+05  -4.8794604e+05
  -2.1895530e+05  -4.9085110e+05
  -2.1897959e+05  -4.9375616e+05
  -2.1900387e+05  -4.9666122e+05
  -2.1902814e+05  -4.9956628e+05
  -2.1905240e+05  -5.0247134e+05
  -2.1907664e+05  -5.0537640e+05
  -2.1910086e+05  -5.0828146e+05
  -2.1912506e+05  -5.1118652e+05
  -2.1914924e+05  -5.1409158e+05
  -2.1917339e+05  -5.1699665e+05
  -2.1919750e+05  -5.1990171e+05
  -2.1922159e+05  -5.2280677e+05
  -2.1924563e+05  -5.2571183e+05
  -2.1926961e+05  -5.2861688e+05
  -2.1929353e+05  -5.3152194e+05
  -2.1931737e+05  -5.3442700e+05
  -2.1934111e+05  -5.3733205e+05
  -2.1936470e+05  -5.4023710e+05
  -2.1938809e+05  -5.4314213e+05
  -2.1941117e+05  -5.4604715e+05
  -2.1943372e+05  -5.4895211e+05
  -2.1945514e+05  -5.5185690e+05
  -2.1947247e+05  -5.5476013e+05
155
  -2.1947247e+05  -5.5476013e+05
  -2.1646448e+05  -5.5476559e+05
  -2.1345504e+05  -5.5476704e+05
  -2.1044542e+05  -5.5476739e+05
  -2.0743576e+05  -5.5476722e+05
  -2.0442607e+05  -5.5476675e+05
  -2.0141637e+05  -5.5476609e+05
  -1.9840666e+05  -5.5476529e+05
  -1.9539695e+05  -5.5476438e+05
  -1.9238724e+05  -5.5476340e+05
  -1.8937752e+05  -5.5476235e+05
  -1.8636781e+05  -5.5476125e+05
  -1.8335809e+05  -5.5476010e+05
  -1.8034837e+05  -5.5475892e+05
  -1.7733865e+05  -5.5475771e+05
  -1.7432893e+05  -5.5475647e+05
  -1.7131921e+05  -5.5475521e+05
  -1.6830948e+05  -5.5475392e+05
  -1.6529976e+05  -5.5475262e+05
  -1.6229004e+05  -5.5475130e+05
  -1.5928032e+05  -5.5474996e+05
  -1.5627059e+05  -5.5474861e+05
  -1.5326087e+05  -5.5474725e+05
  -1.5025115e+05  -5.5474587e+05
  -1.4724143e+05  -5.5474449e+05
  -1.4423170e+05  -5.5474309e+05
  -1.4122198e+05  -5.5474169e+05
  -1.3821225e+05  -5.5474027e+05
  -1.3520253e+05  -5.5473885e+05
  -1.3219281e+05  -5.5473742e+05
  -1.2918308e+05  -5.5473599e+05
  -1.2617336e+05  -5.5473454e+05
  -1.2316364e+05  -5.5473309e+05
  -1.2015391e+05  -5.5473164e+05
  -1.1714419e+05  -5.5473018e+05
  -1.1413446e+05  -5.5472871e+05
  -1.1112474e+05  -5.5472724e+05
  -1.0811502e+05  -5.5472576e+05
  -1.0510529e+05  -5.5472428e+05
  -1.0209557e+05  -5.5472280e+05
  -9.9085845e+04  -5.5472131e+05
  -9.6076120e+04  -5.5471981e+05
  -9.3066396e+04  -5.5471831e+05
  -9.0056672e+04  -5.5471681e+05
  -8.7046948e+04  -5.5471531e+05
  -8.4037224e+04  -5.5471380e+05
  -8.1027499e+04  -5.5471228e+05
  -7.8017775e+04  -5.5471077e+05
  -7.5008051e+04  -5.5470925e+05
  -7.1998327e+04  -5.5470773e+05
  -6.8988602e+04  -5.5470620e+05
  -6.5978878e+04  -5.5470467e+05
  -6.2969154e+04  -5.5470314e+05
  -5.9959430e+04  -5.5470161e+05
  -5.6949705e+04  -5.5470007e+05
  -5.3939981e+04  -5.5469853e+05
  -5.0930257e+04  -5.5469698e+05
  -4.7920532e+04  -5.5469544e+05
  -4.4910808e+04  -5.5469389e+05
  -4.1901084e+04  -5.5469234e+05
  -3.8891359e+04  -5.5469079e+05
  -3.5881635e+04  -5.5468923e+05
  -3.2871911e+04  -5.5468767e+05
  -2.9862186e+04  -5.5468611e+05
  -2.6852462e+04  -5.5468455e+05
  -2.3842738e+04  -5.5468298e+05
  -2.0833013e+04  -5.5468142e+05
  -1.7823289e+04  -5.5467985e+05
  -1.4813564e+04  -5.5467827e+05
  -1.1803840e+04  -5.5467670e+05
  -8.7941157e+03  -5.5467512e+05
  -5.7843913e+03  -5.5467355e+05
  -2.7746670e+03  -5.5467196e+05
   2.3505743e+02  -5.5467038e+05
   3.2447818e+03  -5.5466880e+05
   6.2545062e+03  -5.5466721e+05
   9.2642306e+03  -5.5466562e+05
   1.2273955e+04  -5.5466403e+05
   1.5283679e+04  -5.5466243e+05
   1.8293404e+04  -5.5466084e+05
   2.1303128e+04  -5.5465924e+05
   2.4312852e+04  -5.5465764e+05
   2.7322577e+04  -5.5465604e+05
   3.0332301e+04  -5.5465443e+05
   3.3342026e+04  -5.5465282e+05
   3.6351750e+04  -5.5465121e+05
   3.9361474e+04  -5.5464960e+05
   4.2371199e+04  -5.5464799e+05
   4.5380923e+04  -5.5464637e+05
   4.8390647e+04  -5.5464476e+05
   5.1400372e+04  -5.5464314e+05
   5.4410096e+04  -5.5464151e+05
   5.7419820e+04  -5.5463989e+05
   6.0429545e+04  -5.5463826e+05
   6.3439269e+04  -5.5463663e+05
   6.6448993e+04  -5.5463500e+05
   6.9458718e+04  -5.5463336e+05
   7.2468442e+04  -5.5463173e+05
   7.5478166e+04  -5.5463009e+05
   7.8487890e+04  -5.5462845e+05
   8.1497615e+04  -5.5462680e+05
   8.4507339e+04  -5.5462515e+05
   8.7517063e+04  -5.5462350e+05
   9.0526787e+04  -5.5462185e+05
   9.3536512e+04  -5.5462019e+05
   9.6546236e+04  -5.5461853e+05
   9.9555960e+04  -5.5461687e+05
   1.0256568e+05  -5.5461521e+05
   1.0557541e+05  -5.5461354e+05
   1.0858513e+05  -5.5461187e+05
   1.1159486e+05  -5.5461019e+05
   1.1460458e+05  -5.5460851e+05
   1.1761430e+05  -5.5460683e+05
   1.2062403e+05  -5.5460515e+05
   1.2363375e+05  -5.5460346e+05
   1.2664348e+05  -5.5460176e+05
   1.2965320e+05  -5.5460006e+05
   1.3266292e+05  -5.5459836e+05
   1.3567265e+05  -5.5459665e+05
   1.3868237e+05  -5.5459494e+05
   1.4169210e+05  -5.5459323e+05
   1.4470182e+05  -5.5459151e+05
   1.4771154e+05  -5.5458978e+05
   1.5072127e+05  -5.5458805e+05
   1.5373099e+05  -5.5458631e+05
   1.5674072e+05  -5.5458456e+05
   1.5975044e+05  -5.5458281e+05
   1.6276016e+05  -5.5458105e+05
   1.6576989e+05  -5.5457929e+05
   1.6877961e+05  -5.5457751e+05
   1.7178933e+05  -5.5457573e+05
   1.7479906e+05  -5.5457394e+05
   1.7780878e+05  -5.5457213e+05
   1.8081850e+05  -5.5457032e+05
   1.8382822e+05  -5.5456850e+05
   1.8683795e+05  -5.5456666e+05
   1.8984767e+05  -5.5456481e+05
   1.9285739e+05  -5.5456294e+05
   1.9586711e+05  -5.5456106e+05
   1.9887683e+05  -5.5455915e+05
   2.0188655e+05  -5.5455723e+05
   2.0489628e+05  -5.5455528e+05
   2.0790600e+05  -5.5455331e+05
   2.1091571e+05  -5.5455130e+05
   2.1392543e+05  -5.5454926e+05
   2.1693515e+05  -5.5454717e+05
   2.1994486e+05  -5.5454503e+05
   2.2295458e+05  -5.5454283e+05
   2.2596429e+05  -5.5454054e+05
   2.2897399e+05  -5.5453816e+05
   2.3198369e+05  -5.5453563e+05
   2.3499338e+05  -5.5453291e+05
   2.3800304e+05  -5.5452989e+05
   2.4101265e+05  -5.5452636e+05
   2.4402210e+05  -5.5452172e+05
153
   2.4402210e+05  -5.5452172e+05
   2.4401182e+05  -5.5162883e+05
   2.4399506e+05  -5.4872762e+05
   2.4397501e+05  -5.4582434e+05
   2.4395314e+05  -5.4292029e+05
   2.4393013e+05  -5.4001587e+05
   2.4390636e+05  -5.3711126e+05
   2.4388203e+05  -5.3420653e+05
   2.4385730e+05  -5.3130173e+05
   2.4383225e+05  -5.2839688e+05
   2.4380694e+05  -5.2549199e+05
   2.4378142e+05  -5.2258708e+05
   2.4375573e+05  -5.1968214e+05
   2.4372989e+05  -5.1677719e+05
   2.4370393e+05  -5.1387223e+05
   2.4367786e+05  -5.1096726e+05
   2.4365170e+05  -5.0806228e+05
   2.4362545e+05  -5.0515730e+05
   2.4359914e+05  -5.0225231e+05
   2.4357275e+05  -4.9934731e+05
   2.4354632e+05  -4.9644231e+05
   2.4351983e+05  -4.9353731e+05
   2.4349329e+05  -4.9063231e+05
   2.4346671e+05  -4.8772730e+05
   2.4344009e+05  -4.8482229e+05
   2.4341344e+05  -4.8191728e+05
   2.4338675e+05  -4.7901227e+05
   2.4336003e+05  -4.7610726e+05
   2.4333329e+05  -4.7320224e+05
   2.4330652e+05  -4.7029723e+05
   2.4327973e+05  -4.6739221e+05
   2.4325292e+05  -4.6448719e+05
   2.4322608e+05  -4.6158218e+05
   2.4319923e+05  -4.5867716e+05
   2.4317236e+05  -4.5577214e+05
   2.4314548e+05  -4.5286712e+05
   2.4311857e+05  -4.4996209e+05
   2.4309166e+05  -4.4705707e+05
   2.4306473e+05  -4.4415205e+05
   2.4303779e+05  -4.4124703e+05
   2.4301084e+05  -4.3834201e+05
   2.4298387e+05  -4.3543698e+05
   2.4295690e+05  -4.3253196e+05
   2.4292991e+05  -4.2962693e+05
   2.4290292e+05  -4.2672191e+05
   2.4287592e+05  -4.2381689e+05
   2.4284891e+05  -4.2091186e+05
   2.4282189e+05  -4.1800684e+05
   2.4279487e+05  -4.1510181e+05
   2.4276784e+05  -4.1219679e+05
   2.4274080e+05  -4.0929176e+05
   2.4271376e+05  -4.0638673e+05
   2.4268671e+05  -4.0348171e+05
   2.4265966e+05  -4.0057668e+05
   2.4263260e+05  -3.9767166e+05
   2.4260553e+05  -3.9476663e+05
   2.4257847e+05  -3.9186160e+05
   2.4255139e+05  -3.8895658e+05
   2.4252432e+05  -3.8605155e+05
   2.4249724e+05  -3.8314652e+05
   2.4247016e+05  -3.8024150e+05
   2.4244307e+05  -3.7733647e+05
   2.4241598e+05  -3.7443144e+05
   2.4238889e+05  -3.7152641e+05
   2.4236180e+05  -3.6862139e+05
   2.4233470e+05  -3.6571636e+05
   2.4230761e+05  -3.6281133e+05
   2.4228051e+05  -3.5990630e+05
   2.4225340e+05  -3.5700127e+05
   2.4222630e+05  -3.5409625e+05
   2.4219920e+05  -3.5119122e+05
   2.4217209e+05  -3.4828619e+05
   2.4214499e+05  -3.4538116e+05
   2.4211788e+05  -3.4247613e+05
   2.4209077e+05  -3.3957110e+05
   2.4206366e+05  -3.3666607e+05
   2.4203656e+05  -3.3376105e+05
   2.4200945e+05  -3.3085602e+05
   2.4198234e+05  -3.2795099e+05
   2.4195523e+05  -3.2504596e+05
   2.4192812e+05  -3.2214093e+05
   2.4190102e+05  -3.1923590e+05
   2.4187391e+05  -3.1633087e+05
   2.4184680e+05  -3.1342584e+05
   2.4181970e+05  -3.1052081e+05
   2.4179259e+05  -3.0761578e+05
   2.4176549e+05  -3.0471075e+05
   2.4173839e+05  -3.0180572e+05
   2.4171129e+05  -2.9890069e+05
   2.4168419e+05  -2.9599566e+05
   2.4165710e+05  -2.9309063e+05
   2.4163001e+05  -2.9018560e+05
   2.4160292e+05  -2.8728057e+05
   2.4157583e+05  -2.8437554e+05
   2.4154874e+05  -2.8147051e+05
   2.4152166e+05  -2.7856547e+05
   2.4149458e+05  -2.7566044e+05
   2.4146751e+05  -2.7275541e+05
   2.4144044e+05  -2.6985038e+05
   2.4141337e+05  -2.6694535e+05
   2.4138631e+05  -2.6404031e+05
   2.4135925e+05  -2.6113528e+05
   2.4133220e+05  -2.5823025e+05
   2.4130515e+05  -2.5532521e+05
   2.4127811e+05  -2.5242018e+05
   2.4125108e+05  -2.4951515e+05
   2.4122405e+05  -2.4661011e+05
   2.4119703e+05  -2.4370508e+05
   2.4117001e+05  -2.4080004e+05
   2.4114300e+05  -2.3789501e+05
   2.4111601e+05  -2.3498997e+05
   2.4108902e+05  -2.3208494e+05
   2.4106204e+05  -2.2917990e+05
   2.4103507e+05  -2.2627486e+05
   2.4100811e+05  -2.2336982e+05
   2.4098116e+05  -2.2046479e+05
   2.4095422e+05  -2.1755975e+05
   2.4092730e+05  -2.1465471e+05
   2.4090039e+05  -2.1174967e+05
   2.4087350e+05  -2.0884463e+05
   2.4084662e+05  -2.0593958e+05
   2.4081976e+05  -2.0303454e+05
   2.4079291e+05  -2.0012950e+05
   2.4076609e+05  -1.9722445e+05
   2.4073929e+05  -1.9431940e+05
   2.4071251e+05  -1.9141436e+05
   2.4068576e+05  -1.8850931e+05
   2.4065903e+05  -1.8560426e+05
   2.4063233e+05  -1.8269920e+05
   2.4060566e+05  -1.7979415e+05
   2.4057903e+05  -1.7688909e+05
   2.4055244e+05  -1.7398403e+05
   2.4052588e+05  -1.7107897e+05
   2.4049938e+05  -1.6817390e+05
   2.4047292e+05  -1.6526883e+05
   2.4044653e+05  -1.6236375e+05
   2.4042019e+05  -1.5945867e+05
   2.4039393e+05  -1.5655358e+05
   2.4036775e+05  -1.5364849e+05
   2.4034166e+05  -1.5074338e+05
   2.4031568e+05  -1.4783827e+05
   2.4028983e+05  -1.4493314e+05
   2.4026412e+05  -1.4202799e+05
   2.4023858e+05  -1.3912282e+05
   2.4021326e+05  -1.3621762e+05
   2.4018820e+05  -1.3331238e+05
   2.4016346e+05  -1.3040708e+05
   2.4013915e+05  -1.2750169e+05
   2.4011542e+05  -1.2459617e+05
   2.4009251e+05  -1.2169043e+05
   2.4007085e+05  -1.1878425e+05
   2.4005126e+05  -1.1587710e+05
   2.4003564e+05  -1.1296704e+05
155
   2.4003564e+05  -1.1296704e+05
   2.3716272e+05  -1.1297708e+05
   2.3427649e+05  -1.1298438e+05
   2.3138060e+05  -1.1299024e+05
   2.2847717e+05  -1.1299523e+05
   2.2556758e+05  -1.1299964e+05
   2.2265277e+05  -1.1300364e+05
   2.1973345e+05  -1.1300732e+05
   2.1681016e+05  -1.1301076e+05
   2.1388332e+05  -1.1301401e+05
   2.1095328e+05  -1.1301710e+05
   2.0802032e+05  -1.1302006e+05
   2.0508470e+05  -1.1302290e+05
   2.0214660e+05  -1.1302565e+05
   1.9920623e+05  -1.1302832e+05
   1.9626372e+05  -1.1303091e+05
   1.9331922e+05  -1.1303344e+05
   1.9037284e+05  -1.1303590e+05
   1.8742472e+05  -1.1303832e+05
   1.8447493e+05  -1.1304069e+05
   1.8152357e+05  -1.1304302e+05
   1.7857072e+05  -1.1304531e+05
   1.7561646e+05  -1.1304756e+05
   1.7266086e+05  -1.1304978e+05
   1.6970398e+05  -1.1305197e+05
   1.6674588e+05  -1.1305413e+05
   1.6378662e+05  -1.1305626e+05
   1.6082625e+05  -1.1305837e+05
   1.5786481e+05  -1.1306045e+05
   1.5490236e+05  -1.1306252e+05
   1.5193893e+05  -1.1306456e+05
   1.4897457e+05  -1.1306659e+05
   1.4600931e+05  -1.1306859e+05
   1.4304320e+05  -1.1307058e+05
   1.4007626e+05  -1.1307255e+05
   1.3710853e+05  -1.1307451e+05
   1.3414004e+05  -1.1307645e+05
   1.3117082e+05  -1.1307837e+05
   1.2820090e+05  -1.1308028e+05
   1.2523031e+05  -1.1308218e+05
   1.2225908e+05  -1.1308407e+05
   1.1928722e+05  -1.1308594e+05
   1.1631477e+05  -1.1308780e+05
   1.1334174e+05  -1.1308965e+05
   1.1036817e+05  -1.1309149e+05
   1.0739408e+05  -1.1309332e+05
   1.0441948e+05  -1.1309514e+05
   1.0144439e+05  -1.1309695e+05
   9.8468847e+04  -1.1309874e+05
   9.5492859e+04  -1.1310053e+05
   9.2516447e+04  -1.1310231e+05
   8.9539631e+04  -1.1310408e+05
   8.6562430e+04  -1.1310584e+05
   8.3584860e+04  -1.1310759e+05
   8.0606940e+04  -1.1310933e+05
   7.7628688e+04  -1.1311107e+05
   7.4650120e+04  -1.1311279e+05
   7.1671252e+04  -1.1311451e+05
   6.8692101e+04  -1.1311622e+05
   6.5712684e+04  -1.1311792e+05
   6.2733015e+04  -1.1311962e+05
   5.9753111e+04  -1.1312131e+05
   5.6772986e+04  -1.1312298e+05
   5.3792656e+04  -1.1312466e+05
   5.0812136e+04  -1.1312632e+05
   4.7831440e+04  -1.1312798e+05
   4.4850584e+04  -1.1312963e+05
   4.1869581e+04  -1.1313127e+05
   3.8888446e+04  -1.1313291e+05
   3.5907193e+04  -1.1313454e+05
   3.2925836e+04  -1.1313616e+05
   2.9944390e+04  -1.1313777e+05
   2.6962867e+04  -1.1313938e+05
   2.3981283e+04  -1.1314098e+05
   2.0999650e+04  -1.1314258e+05
   1.8017984e+04  -1.1314417e+05
   1.5036296e+04  -1.1314575e+05
   1.2054602e+04  -1.1314732e+05
   9.0729150e+03  -1.1314889e+05
   6.0912484e+03  -1.1315045e+05
   3.1096161e+03  -1.1315200e+05
   1.2803202e+02  -1.1315355e+05
  -2.8534901e+03  -1.1315508e+05
  -5.8349363e+03  -1.1315662e+05
  -8.8162927e+03  -1.1315814e+05
  -1.1797545e+04  -1.1315966e+05
  -1.4778680e+04  -1.1316117e+05
  -1.7759682e+04  -1.1316267e+05
  -2.0740538e+04  -1.1316417e+05
  -2.3721233e+04  -1.1316566e+05
  -2.6701753e+04  -1.1316714e+05
  -2.9682082e+04  -1.1316861e+05
  -3.2662206e+04  -1.1317008e+05
  -3.5642110e+04  -1.1317154e+05
  -3.8621777e+04  -1.1317299e+05
  -4.1601194e+04  -1.1317443e+05
  -4.4580344e+04  -1.1317587e+05
  -4.7559211e+04  -1.1317729e+05
  -5.0537778e+04  -1.1317871e+05
  -5.3516029e+04  -1.1318012e+05
  -5.6493948e+04  -1.1318152e+05
  -5.9471516e+04  -1.1318291e+05
  -6.2448716e+04  -1.1318430e+05
  -6.5425531e+04  -1.1318567e+05
  -6.8401941e+04  -1.1318703e+05
  -7.1377928e+04  -1.1318839e+05
  -7.4353473e+04  -1.1318973e+05
  -7.7328555e+04  -1.1319106e+05
  -8.0303153e+04  -1.1319238e+05
  -8.3277248e+04  -1.1319370e+05
  -8.6250817e+04  -1.1319500e+05
  -8.9223838e+04  -1.1319628e+05
  -9.2196288e+04  -1.1319756e+05
  -9.5168142e+04  -1.1319882e+05
  -9.8139376e+04  -1.1320008e+05
  -1.0110997e+05  -1.1320131e+05
  -1.0407988e+05  -1.1320254e+05
  -1.0704910e+05  -1.1320374e+05
  -1.1001758e+05  -1.1320494e+05
  -1.1298531e+05  -1.1320611e+05
  -1.1595225e+05  -1.1320727e+05
  -1.1891836e+05  -1.1320842e+05
  -1.2188361e+05  -1.1320954e+05
  -1.2484797e+05  -1.1321065e+05
  -1.2781140e+05  -1.1321173e+05
  -1.3077385e+05  -1.1321280e+05
  -1.3373528e+05  -1.1321384e+05
  -1.3669565e+05  -1.1321485e+05
  -1.3965491e+05  -1.1321584e+05
  -1.4261301e+05  -1.1321680e+05
  -1.4556988e+05  -1.1321774e+05
  -1.4852548e+05  -1.1321864e+05
  -1.5147973e+05  -1.1321950e+05
  -1.5443258e+05  -1.1322033e+05
  -1.5738393e+05  -1.1322112e+05
  -1.6033372e+05  -1.1322186e+05
  -1.6328184e+05  -1.1322256e+05
  -1.6622821e+05  -1.1322320e+05
  -1.6917271e+05  -1.1322378e+05
  -1.7211521e+05  -1.1322430e+05
  -1.7505559e+05  -1.1322473e+05
  -1.7799367e+05  -1.1322509e+05
  -1.8092930e+05  -1.1322534e+05
  -1.8386225e+05  -1.1322548e+05
  -1.8679228e+05  -1.1322548e+05
  -1.8971912e+05  -1.1322532e+05
  -1.9264241e+05  -1.1322497e+05
  -1.9556172e+05  -1.1322437e+05
  -1.9847652e+05  -1.1322345e+05
  -2.0138611e+05  -1.1322211e+05
  -2.0428953e+05  -1.1322018e+05
  -2.0718541e+05  -1.1321738e+05
  -2.1007164e+05  -1.1321313e+05
  -2.1294456e+05  -1.1320612e+05
  -2.1579613e+05  -1.1319274e+05
