304
  -5.4052145e+04  -2.3306628e+05
  -5.4052971e+04  -2.3339771e+05
  -5.4053797e+04  -2.3372915e+05
  -5.4054623e+04  -2.3406058e+05
  -5.4055449e+04  -2.3439201e+05
  -5.4056274e+04  -2.3472343e+05
  -5.4057100e+04  -2.3505486e+05
  -5.4057925e+04  -2.3538628e+05
  -5.4058750e+04  -2.3571770e+05
  -5.4059575e+04  -2.3604912e+05
  -5.4060399e+04  -2.3638053e+05
  -5.4061224e+04  -2.3671195e+05
  -5.4062048e+04  -2.3704336e+05
  -5.4062872e+04  -2.3737477e+05
  -5.4063696e+04  -2.3770617e+05
  -5.4064520e+04  -2.3803758e+05
  -5.4065343e+04  -2.3836898e+05
  -5.4066167e+04  -2.3870038e+05
  -5.4066990e+04  -2.3903178e+05
  -5.4067813e+04  -2.3936317e+05
  -5.4068636e+04  -2.3969457e+05
  -5.4069459e+04  -2.4002596e+05
  -5.4070282e+04  -2.4035735e+05
  -5.4071104e+04  -2.4068873e+05
  -5.4071926e+04  -2.4102012e+05
  -5.4072749e+04  -2.4135150e+05
  -5.4073571e+04  -2.4168288e+05
  -5.4074393e+04  -2.4201426e+05
  -5.4075214e+04  -2.4234563e+05
  -5.4076036e+04  -2.4267701e+05
  -5.4076857e+04  -2.4300838e+05
  -5.4077679e+04  -2.4333975e+05
  -5.4078500e+04  -2.4367112e+05
  -5.4079321e+04  -2.4400248e+05
  -5.4080142e+04  -2.4433384e+05
  -5.4080962e+04  -2.4466520e+05
  -5.4081783e+04  -2.4499656e+05
  -5.4082603e+04  -2.4532792e+05
  -5.4083424e+04  -2.4565927e+05
  -5.4084244e+04  -2.4599063e+05
  -5.4085064e+04  -2.4632198e+05
  -5.4085884e+04  -2.4665332e+05
  -5.4086704e+04  -2.4698467e+05
  -5.4087524e+04  -2.4731601e+05
  -5.4088343e+04  -2.4764736e+05
  -5.4089163e+04  -2.4797870e+05
  -5.4089982e+04  -2.4831003e+05
  -5.4090801e+04  -2.4864137e+05
  -5.4091621e+04  -2.4897270e+05
  -5.4092440e+04  -2.4930403e+05
  -5.4093259e+04  -2.4963536e+05
  -5.4094077e+04  -2.4996669e+05
  -5.4094896e+04  -2.5029801e+05
  -5.4095715e+04  -2.5062934e+05
  -5.4096533e+04  -2.5096066e+05
  -5.4097352e+04  -2.5129197e+05
  -5.4098170e+04  -2.5162329e+05
  -5.4098988e+04  -2.5195460e+05
  -5.4099806e+04  -2.5228592e+05
  -5.4100624e+04  -2.5261723e+05
  -5.4101442e+04  -2.5294854e+05
  -5.4102260e+04  -2.5327984e+05
  -5.4103078e+04  -2.5361114e+05
  -5.4103895e+04  -2.5394245e+05
  -5.4104713e+04  -2.5427375e+05
  -5.4105530e+04  -2.5460504e+05
  -5.4106348e+04  -2.5493634e+05
  -5.4107165e+04  -2.5526763e+05
  -5.4107982e+04  -2.5559892e+05
  -5.4108800e+04  -2.5593021e+05
  -5.4109617e+04  -2.5626150e+05
  -5.4110434e+04  -2.5659279e+05
  -5.4111251e+04  -2.5692407e+05
  -5.4112067e+04  -2.5725535e+05
  -5.4112884e+04  -2.5758663e+05
  -5.4113701e+04  -2.5791791e+05
  -5.4114518e+04  -2.5824918e+05
  -5.4115334e+04  -2.5858045e+05
  -5.4116151e+04  -2.5891172e+05
  -5.4116967e+04  -2.5924299e+05
  -5.4117784e+04  -2.5957426e+05
  -5.4118600e+04  -2.5990552e+05
  -5.4119416e+04  -2.6023679e+05
  -5.4120232e+04  -2.6056805e+05
  -5.4121049e+04  -2.6089930e+05
  -5.4121865e+04  -2.6123056e+05
  -5.4122681e+04  -2.6156182e+05
  -5.4123497e+04  -2.6189307e+05
  -5.4124313e+04  -2.6222432e+05
  -5.4125129e+04  -2.6255557e+05
  -5.4125945e+04  -2.6288681e+05
  -5.4126761e+04  -2.6321806e+05
  -5.4127576e+04  -2.6354930e+05
  -5.4128392e+04  -2.6388054e+05
  -5.4129208e+04  -2.6421178e+05
  -5.4130024e+04  -2.6454301e+05
  -5.4130839e+04  -2.6487425e+05
  -5.4131655e+04  -2.6520548e+05
  -5.4132471e+04  -2.6553671e+05
  -5.4133286e+04  -2.6586793e+05
  -5.4134102e+04  -2.6619916e+05
  -5.4134917e+04  -2.6653038e+05
  -5.4135733e+04  -2.6686161e+05
  -5.4136548e+04  -2.6719283e+05
  -5.4137364e+04  -2.6752404e+05
  -5.4138179e+04  -2.6785526e+05
  -5.4138995e+04  -2.6818647e+05
  -5.4139810e+04  -2.6851768e+05
  -5.4140626e+04  -2.6884889e+05
  -5.4141441e+04  -2.6918010e+05
  -5.4142256e+04  -2.6951131e+05
  -5.4143072e+04  -2.6984251e+05
  -5.4143887e+04  -2.7017371e+05
  -5.4144703e+04  -2.7050491e+05
  -5.4145518e+04  -2.7083611e+05
  -5.4146333e+04  -2.7116730e+05
  -5.4147149e+04  -2.7149850e+05
  -5.4147964e+04  -2.7182969e+05
  -5.4148779e+04  -2.7216088e+05
  -5.4149595e+04  -2.7249206e+05
  -5.4150410e+04  -2.7282325e+05
  -5.4151226e+04  -2.7315443e+05
  -5.4152041e+04  -2.7348561e+05
  -5.4152856e+04  -2.7381679e+05
  -5.4153672e+04  -2.7414797e+05
  -5.4154487e+04  -2.7447914e+05
  -5.4155303e+04  -2.7481031e+05
  -5.4156118e+04  -2.7514149e+05
  -5.4156934e+04  -2.7547265e+05
  -5.4157749e+04  -2.7580382e+05
  -5.4158565e+04  -2.7613499e+05
  -5.4159380e+04  -2.7646615e+05
  -5.4160196e+04  -2.7679731e+05
  -5.4161011e+04  -2.7712847e+05
  -5.4161827e+04  -2.7745962e+05
  -5.4162643e+04  -2.7779078e+05
  -5.4163458e+04  -2.7812193e+05
  -5.4164274e+04  -2.7845308e+05
  -5.4165090e+04  -2.7878423e+05
  -5.4165906e+04  -2.7911538e+05
  -5.4166722e+04  -2.7944652e+05
  -5.4167538e+04  -2.7977766e+05
  -5.4168353e+04  -2.8010880e+05
  -5.4169169e+04  -2.8043994e+05
  -5.4169985e+04  -2.8077108e+05
  -5.4170802e+04  -2.8110221e+05
  -5.4171618e+04  -2.8143334e+05
  -5.4172434e+04  -2.8176447e+05
  -5.4173250e+04  -2.8209560e+05
  -5.4174066e+04  -2.8242673e+05
  -5.4174883e+04  -2.8275785e+05
  -5.4175699e+04  -2.8308897e+05
  -5.4176516e+04  -2.8342009e+05
  -5.4177332e+04  -2.8375121e+05
  -5.4178149e+04  -2.8408233e+05
  -5.4178965e+04  -2.8441344e+05
  -5.4179782e+04  -2.8474455e+05
  -5.4180599e+04  -2.8507566e+05
  -5.4181416e+04  -2.8540677e+05
  -5.4182232e+04  -2.8573787e+05
  -5.4183049e+04  -2.8606898e+05
  -5.4183866e+04  -2.8640008e+05
  -5.4184684e+04  -2.8673118e+05
  -5.4185501e+04  -2.8706227e+05
  -5.4186318e+04  -2.8739337e+05
  -5.4187135e+04  -2.8772446e+05
  -5.4187953e+04  -2.8805555e+05
  -5.4188770e+04  -2.8838664e+05
  -5.4189588e+04  -2.8871773e+05
  -5.4190406e+04  -2.8904881e+05
  -5.4191224e+04  -2.8937989e+05
  -5.4192041e+04  -2.8971097e+05
  -5.4192859e+04  -2.9004205e+05
  -5.4193678e+04  -2.9037313e+05
  -5.4194496e+04  -2.9070420e+05
  -5.4195314e+04  -2.9103527e+05
  -5.4196132e+04  -2.9136634e+05
  -5.4196951e+04  -2.9169741e+05
  -5.4197769e+04  -2.9202848e+05
  -5.4198588e+04  -2.9235954e+05
  -5.4199407e+04  -2.9269060e+05
  -5.4200226e+04  -2.9302166e+05
  -5.4201045e+04  -2.9335272e+05
  -5.4201864e+04  -2.9368377e+05
  -5.4202683e+04  -2.9401483e+05
  -5.4203502e+04  -2.9434588e+05
  -5.4204322e+04  -2.9467693e+05
  -5.4205141e+04  -2.9500797e+05
  -5.4205961e+04  -2.9533902e+05
  -5.4206781e+04  -2.9567006e+05
  -5.4207601e+04  -2.9600110e+05
  -5.4208421e+04  -2.9633214e+05
  -5.4209241e+04  -2.9666317e+05
  -5.4210061e+04  -2.9699421e+05
  -5.4210882e+04  -2.9732524e+05
  -5.4211702e+04  -2.9765627e+05
  -5.4212523e+04  -2.9798730e+05
  -5.4213344e+04  -2.9831832e+05
  -5.4214165e+04  -2.9864935e+05
  -5.4214986e+04  -2.9898037e+05
  -5.4215807e+04  -2.9931139e+05
  -5.4216628e+04  -2.9964240e+05
  -5.4217450e+04  -2.9997342e+05
  -5.4218271e+04  -3.0030443e+05
  -5.4219093e+04  -3.0063544e+05
  -5.4219915e+04  -3.0096645e+05
  -5.4220737e+04  -3.0129745e+05
  -5.4221559e+04  -3.0162846e+05
  -5.4222382e+04  -3.0195946e+05
  -5.4223204e+04  -3.0229046e+05
  -5.4224027e+04  -3.0262145e+05
  -5.4224850e+04  -3.0295245e+05
  -5.4225673e+04  -3.0328344e+05
  -5.4226496e+04  -3.0361443e+05
  -5.4227320e+04  -3.0394542e+05
  -5.4228143e+04  -3.0427641e+05
  -5.4228967e+04  -3.0460739e+05
  -5.4229791e+04  -3.0493837e+05
  -5.4230615e+04  -3.0526935e+05
  -5.4231439e+04  -3.0560033e+05
  -5.4232263e+04  -3.0593130e+05
  -5.4233088e+04  -3.0626228e+05
  -5.4233912e+04  -3.0659325e+05
  -5.4234737e+04  -3.0692421e+05
  -5.4235562e+04  -3.0725518e+05
  -5.4236387e+04  -3.0758614e+05
  -5.4237213e+04  -3.0791711e+05
  -5.4238038e+04  -3.0824807e+05
  -5.4238864e+04  -3.0857902e+05
  -5.4239690e+04  -3.0890998e+05
  -5.4240516e+04  -3.0924093e+05
  -5.4241343e+04  -3.0957188e+05
  -5.4242169e+04  -3.0990283e+05
  -5.4242996e+04  -3.1023377e+05
  -5.4243823e+04  -3.1056472e+05
  -5.4244650e+04  -3.1089566e+05
  -5.4245477e+04  -3.1122660e+05
  -5.4246305e+04  -3.1155753e+05
  -5.4247133e+04  -3.1188847e+05
  -5.4247960e+04  -3.1221940e+05
  -5.4248789e+04  -3.1255033e+05
  -5.4249617e+04  -3.1288126e+05
  -5.4250445e+04  -3.1321218e+05
  -5.4251274e+04  -3.1354310e+05
  -5.4252103e+04  -3.1387402e+05
  -5.4252932e+04  -3.1420494e+05
  -5.4253762e+04  -3.1453586e+05
  -5.4254591e+04  -3.1486677e+05
  -5.4255421e+04  -3.1519768e+05
  -5.4256251e+04  -3.1552859e+05
  -5.4257082e+04  -3.1585950e+05
  -5.4257912e+04  -3.1619040e+05
  -5.4258743e+04  -3.1652130e+05
  -5.4259574e+04  -3.1685220e+05
  -5.4260405e+04  -3.1718310e+05
  -5.4261236e+04  -3.1751399e+05
  -5.4262068e+04  -3.1784488e+05
  -5.4262900e+04  -3.1817577e+05
  -5.4263732e+04  -3.1850666e+05
  -5.4264564e+04  -3.1883754e+05
  -5.4265397e+04  -3.1916843e+05
  -5.4266230e+04  -3.1949931e+05
  -5.4267063e+04  -3.1983018e+05
  -5.4267896e+04  -3.2016106e+05
  -5.4268730e+04  -3.2049193e+05
  -5.4269564e+04  -3.2082280e+05
  -5.4270398e+04  -3.2115367e+05
  -5.4271232e+04  -3.2148454e+05
  -5.4272067e+04  -3.2181540e+05
  -5.4272902e+04  -3.2214626e+05
  -5.4273737e+04  -3.2247712e+05
  -5.4274572e+04  -3.2280797e+05
  -5.4275408e+04  -3.2313882e+05
  -5.4276243e+04  -3.2346968e+05
  -5.4277080e+04  -3.2380052e+05
  -5.4277916e+04  -3.2413137e+05
  -5.4278753e+04  -3.2446221e+05
  -5.4279590e+04  -3.2479305e+05
  -5.4280427e+04  -3.2512389e+05
  -5.4281264e+04  -3.2545473e+05
  -5.4282102e+04  -3.2578556e+05
  -5.4282940e+04  -3.2611639e+05
  -5.4283778e+04  -3.2644722e+05
  -5.4284617e+04  -3.2677804e+05
  -5.4285456e+04  -3.2710887e+05
  -5.4286295e+04  -3.2743969e+05
  -5.4287134e+04  -3.2777050e+05
  -5.4287974e+04  -3.2810132e+05
  -5.4288814e+04  -3.2843213e+05
  -5.4289654e+04  -3.2876294e+05
  -5.4290495e+04  -3.2909375e+05
  -5.4291336e+04  -3.2942455e+05
  -5.4292177e+04  -3.2975535e+05
  -5.4293019e+04  -3.3008615e+05
  -5.4293860e+04  -3.3041695e+05
  -5.4294702e+04  -3.3074775e+05
  -5.4295545e+04  -3.3107854e+05
  -5.4296388e+04  -3.3140933e+05
  -5.4297231e+04  -3.3174011e+05
  -5.4298074e+04  -3.3207090e+05
  -5.4298917e+04  -3.3240168e+05
  -5.4299761e+04  -3.3273245e+05
  -5.4300606e+04  -3.3306323e+05
  -5.4301450e+04  -3.3339400e+05
166
  -5.4301450e+04  -3.3339400e+05
  -5.3970835e+04  -3.3339485e+05
  -5.3640221e+04  -3.3339569e+05
  -5.3309607e+04  -3.3339652e+05
  -5.2978994e+04  -3.3339736e+05
  -5.2648382e+04  -3.3339819e+05
  -5.2317771e+04  -3.3339901e+05
  -5.1987160e+04  -3.3339984e+05
  -5.1656550e+04  -3.3340066e+05
  -5.1325941e+04  -3.3340148e+05
  -5.0995333e+04  -3.3340229e+05
  -5.0664725e+04  -3.3340310e+05
  -5.0334119e+04  -3.3340391e+05
  -5.0003513e+04  -3.3340472e+05
  -4.9672908e+04  -3.3340552e+05
  -4.9342303e+04  -3.3340632e+05
  -4.9011700e+04  -3.3340711e+05
  -4.8681097e+04  -3.3340791e+05
  -4.8350495e+04  -3.3340870e+05
  -4.8019894e+04  -3.3340948e+05
  -4.7689294e+04  -3.3341027e+05
  -4.7358695e+04  -3.3341105e+05
  -4.7028097e+04  -3.3341182e+05
  -4.6697499e+04  -3.3341260e+05
  -4.6366902e+04  -3.3341337e+05
  -4.6036306e+04  -3.3341414e+05
  -4.5705712e+04  -3.3341490e+05
  -4.5375118e+04  -3.3341566e+05
  -4.5044524e+04  -3.3341642e+05
  -4.4713932e+04  -3.3341717e+05
  -4.4383341e+04  -3.3341793e+05
  -4.4052750e+04  -3.3341868e+05
  -4.3722161e+04  -3.3341942e+05
  -4.3391572e+04  -3.3342016e+05
  -4.3060985e+04  -3.3342090e+05
  -4.2730398e+04  -3.3342164e+05
  -4.2399812e+04  -3.3342237e+05
  -4.2069228e+04  -3.3342310e+05
  -4.1738644e+04  -3.3342383e+05
  -4.1408061e+04  -3.3342455e+05
  -4.1077479e+04  -3.3342527e+05
  -4.0746898e+04  -3.3342599e+05
  -4.0416318e+04  -3.3342670e+05
  -4.0085740e+04  -3.3342741e+05
  -3.9755162e+04  -3.3342812e+05
  -3.9424585e+04  -3.3342882e+05
  -3.9094009e+04  -3.3342952e+05
  -3.8763434e+04  -3.3343022e+05
  -3.8432860e+04  -3.3343092e+05
  -3.8102288e+04  -3.3343161e+05
  -3.7771716e+04  -3.3343230e+05
  -3.7441145e+04  -3.3343298e+05
  -3.7110576e+04  -3.3343366e+05
  -3.6780007e+04  -3.3343434e+05
  -3.6449440e+04  -3.3343502e+05
  -3.6118873e+04  -3.3343569e+05
  -3.5788308e+04  -3.3343636e+05
  -3.5457744e+04  -3.3343702e+05
  -3.5127181e+04  -3.3343768e+05
  -3.4796619e+04  -3.3343834e+05
  -3.4466058e+04  -3.3343900e+05
  -3.4135499e+04  -3.3343965e+05
  -3.3804940e+04  -3.3344030e+05
  -3.3474383e+04  -3.3344095e+05
  -3.3143826e+04  -3.3344159e+05
  -3.2813271e+04  -3.3344223e+05
  -3.2482717e+04  -3.3344287e+05
  -3.2152164e+04  -3.3344350e+05
  -3.1821613e+04  -3.3344413e+05
  -3.1491062e+04  -3.3344476e+05
  -3.1160513e+04  -3.3344538e+05
  -3.0829965e+04  -3.3344600e+05
  -3.0499418e+04  -3.3344662e+05
  -3.0168872e+04  -3.3344723e+05
  -2.9838328e+04  -3.3344784e+05
  -2.9507785e+04  -3.3344845e+05
  -2.9177243e+04  -3.3344905e+05
  -2.8846702e+04  -3.3344965e+05
  -2.8516163e+04  -3.3345025e+05
  -2.8185624e+04  -3.3345084e+05
  -2.7855087e+04  -3.3345143e+05
  -2.7524552e+04  -3.3345202e+05
  -2.7194017e+04  -3.3345261e+05
  -2.6863484e+04  -3.3345319e+05
  -2.6532952e+04  -3.3345376e+05
  -2.6202422e+04  -3.3345434e+05
  -2.5871893e+04  -3.3345491e+05
  -2.5541365e+04  -3.3345548e+05
  -2.5210838e+04  -3.3345604e+05
  -2.4880313e+04  -3.3345660e+05
  -2.4549789e+04  -3.3345716e+05
  -2.4219267e+04  -3.3345771e+05
  -2.3888745e+04  -3.3345826e+05
  -2.3558226e+04  -3.3345881e+05
  -2.3227707e+04  -3.3345936e+05
  -2.2897190e+04  -3.3345990e+05
  -2.2566674e+04  -3.3346043e+05
  -2.2236160e+04  -3.3346097e+05
  -2.1905647e+04  -3.3346150e+05
  -2.1575136e+04  -3.3346203e+05
  -2.1244626e+04  -3.3346255e+05
  -2.0914117e+04  -3.3346307e+05
  -2.0583610e+04  -3.3346359e+05
  -2.0253104e+04  -3.3346410e+05
  -1.9922600e+04  -3.3346461e+05
  -1.9592097e+04  -3.3346512e+05
  -1.9261596e+04  -3.3346563e+05
  -1.8931096e+04  -3.3346613e+05
  -1.8600597e+04  -3.3346662e+05
  -1.8270101e+04  -3.3346712e+05
  -1.7939605e+04  -3.3346761e+05
  -1.7609111e+04  -3.3346810e+05
  -1.7278619e+04  -3.3346858e+05
  -1.6948128e+04  -3.3346906e+05
  -1.6617639e+04  -3.3346954e+05
  -1.6287151e+04  -3.3347001e+05
  -1.5956665e+04  -3.3347048e+05
  -1.5626180e+04  -3.3347095e+05
  -1.5295697e+04  -3.3347141e+05
  -1.4965215e+04  -3.3347187e+05
  -1.4634735e+04  -3.3347233e+05
  -1.4304257e+04  -3.3347278e+05
  -1.3973780e+04  -3.3347323e+05
  -1.3643305e+04  -3.3347368e+05
  -1.3312832e+04  -3.3347412e+05
  -1.2982360e+04  -3.3347456e+05
  -1.2651889e+04  -3.3347499e+05
  -1.2321421e+04  -3.3347543e+05
  -1.1990954e+04  -3.3347586e+05
  -1.1660489e+04  -3.3347628e+05
  -1.1330025e+04  -3.3347670e+05
  -1.0999563e+04  -3.3347712e+05
  -1.0669103e+04  -3.3347754e+05
  -1.0338644e+04  -3.3347795e+05
  -1.0008187e+04  -3.3347836e+05
  -9.6777321e+03  -3.3347876e+05
  -9.3472787e+03  -3.3347916e+05
  -9.0168270e+03  -3.3347956e+05
  -8.6863770e+03  -3.3347996e+05
  -8.3559288e+03  -3.3348035e+05
  -8.0254824e+03  -3.3348074e+05
  -7.6950377e+03  -3.3348112e+05
  -7.3645948e+03  -3.3348150e+05
  -7.0341537e+03  -3.3348188e+05
  -6.7037144e+03  -3.3348225e+05
  -6.3732769e+03  -3.3348262e+05
  -6.0428412e+03  -3.3348299e+05
  -5.7124074e+03  -3.3348335e+05
  -5.3819753e+03  -3.3348371e+05
  -5.0515452e+03  -3.3348407e+05
  -4.7211168e+03  -3.3348442e+05
  -4.3906903e+03  -3.3348477e+05
  -4.0602658e+03  -3.3348511e+05
  -3.7298430e+03  -3.3348545e+05
  -3.3994222e+03  -3.3348579e+05
  -3.0690033e+03  -3.3348613e+05
  -2.7385863e+03  -3.3348646e+05
  -2.4081712e+03  -3.3348679e+05
  -2.0777580e+03  -3.3348711e+05
  -1.7473468e+03  -3.3348743e+05
  -1.4169375e+03  -3.3348775e+05
  -1.0865302e+03  -3.3348806e+05
  -7.5612481e+02  -3.3348837e+05
  -4.2572143e+02  -3.3348868e+05
  -9.5320045e+01  -3.3348898e+05
   2.3507934e+02  -3.3348928e+05
304
   2.3507934e+02  -3.3348928e+05
   2.3537672e+02  -3.3315842e+05
   2.3567340e+02  -3.3282756e+05
   2.3596939e+02  -3.3249669e+05
   2.3626469e+02  -3.3216583e+05
   2.3655930e+02  -3.3183496e+05
   2.3685323e+02  -3.3150409e+05
   2.3714649e+02  -3.3117322e+05
   2.3743907e+02  -3.3084234e+05
   2.3773098e+02  -3.3051147e+05
   2.3802223e+02  -3.3018059e+05
   2.3831281e+02  -3.2984971e+05
   2.3860274e+02  -3.2951882e+05
   2.3889202e+02  -3.2918794e+05
   2.3918064e+02  -3.2885705e+05
   2.3946862e+02  -3.2852616e+05
   2.3975596e+02  -3.2819527e+05
   2.4004267e+02  -3.2786437e+05
   2.4032874e+02  -3.2753348e+05
   2.4061418e+02  -3.2720258e+05
   2.4089899e+02  -3.2687168e+05
   2.4118318e+02  -3.2654078e+05
   2.4146676e+02  -3.2620987e+05
   2.4174972e+02  -3.2587897e+05
   2.4203208e+02  -3.2554806e+05
   2.4231382e+02  -3.2521715e+05
   2.4259497e+02  -3.2488624e+05
   2.4287552e+02  -3.2455532e+05
   2.4315547e+02  -3.2422441e+05
   2.4343484e+02  -3.2389349e+05
   2.4371362e+02  -3.2356257e+05
   2.4399181e+02  -3.2323164e+05
   2.4426943e+02  -3.2290072e+05
   2.4454648e+02  -3.2256979e+05
   2.4482295e+02  -3.2223886e+05
   2.4509886e+02  -3.2190793e+05
   2.4537420e+02  -3.2157700e+05
   2.4564899e+02  -3.2124607e+05
   2.4592322e+02  -3.2091513e+05
   2.4619690e+02  -3.2058419e+05
   2.4647004e+02  -3.2025325e+05
   2.4674263e+02  -3.1992231e+05
   2.4701468e+02  -3.1959136e+05
   2.4728620e+02  -3.1926042e+05
   2.4755718e+02  -3.1892947e+05
   2.4782764e+02  -3.1859852e+05
   2.4809757e+02  -3.1826757e+05
   2.4836699e+02  -3.1793661e+05
   2.4863588e+02  -3.1760566e+05
   2.4890427e+02  -3.1727470e+05
   2.4917215e+02  -3.1694374e+05
   2.4943952e+02  -3.1661278e+05
   2.4970639e+02  -3.1628181e+05
   2.4997276e+02  -3.1595085e+05
   2.5023864e+02  -3.1561988e+05
   2.5050403e+02  -3.1528891e+05
   2.5076894e+02  -3.1495794e+05
   2.5103336e+02  -3.1462697e+05
   2.5129731e+02  -3.1429599e+05
   2.5156078e+02  -3.1396501e+05
   2.5182378e+02  -3.1363403e+05
   2.5208631e+02  -3.1330305e+05
   2.5234838e+02  -3.1297207e+05
   2.5260999e+02  -3.1264109e+05
   2.5287115e+02  -3.1231010e+05
   2.5313185e+02  -3.1197911e+05
   2.5339211e+02  -3.1164812e+05
   2.5365192e+02  -3.1131713e+05
   2.5391129e+02  -3.1098614e+05
   2.5417023e+02  -3.1065514e+05
   2.5442873e+02  -3.1032414e+05
   2.5468680e+02  -3.0999314e+05
   2.5494445e+02  -3.0966214e+05
   2.5520167e+02  -3.0933114e+05
   2.5545848e+02  -3.0900014e+05
   2.5571487e+02  -3.0866913e+05
   2.5597086e+02  -3.0833812e+05
   2.5622643e+02  -3.0800711e+05
   2.5648160e+02  -3.0767610e+05
   2.5673638e+02  -3.0734508e+05
   2.5699075e+02  -3.0701407e+05
   2.5724474e+02  -3.0668305e+05
   2.5749834e+02  -3.0635203e+05
   2.5775155e+02  -3.0602101e+05
   2.5800438e+02  -3.0568999e+05
   2.5825683e+02  -3.0535897e+05
   2.5850891e+02  -3.0502794e+05
   2.5876063e+02  -3.0469691e+05
   2.5901197e+02  -3.0436588e+05
   2.5926295e+02  -3.0403485e+05
   2.5951357e+02  -3.0370382e+05
   2.5976384e+02  -3.0337278e+05
   2.6001376e+02  -3.0304174e+05
   2.6026333e+02  -3.0271071e+05
   2.6051255e+02  -3.0237967e+05
   2.6076143e+02  -3.0204862e+05
   2.6100998e+02  -3.0171758e+05
   2.6125819e+02  -3.0138653e+05
   2.6150608e+02  -3.0105549e+05
   2.6175363e+02  -3.0072444e+05
   2.6200087e+02  -3.0039339e+05
   2.6224779e+02  -3.0006234e+05
   2.6249439e+02  -2.9973128e+05
   2.6274068e+02  -2.9940023e+05
   2.6298666e+02  -2.9906917e+05
   2.6323234e+02  -2.9873811e+05
   2.6347771e+02  -2.9840705e+05
   2.6372279e+02  -2.9807598e+05
   2.6396758e+02  -2.9774492e+05
   2.6421208e+02  -2.9741385e+05
   2.6445629e+02  -2.9708279e+05
   2.6470022e+02  -2.9675172e+05
   2.6494387e+02  -2.9642065e+05
   2.6518724e+02  -2.9608957e+05
   2.6543034e+02  -2.9575850e+05
   2.6567318e+02  -2.9542742e+05
   2.6591575e+02  -2.9509634e+05
   2.6615806e+02  -2.9476526e+05
   2.6640011e+02  -2.9443418e+05
   2.6664191e+02  -2.9410310e+05
   2.6688346e+02  -2.9377202e+05
   2.6712476e+02  -2.9344093e+05
   2.6736582e+02  -2.9310984e+05
   2.6760664e+02  -2.9277875e+05
   2.6784722e+02  -2.9244766e+05
   2.6808757e+02  -2.9211657e+05
   2.6832769e+02  -2.9178547e+05
   2.6856759e+02  -2.9145438e+05
   2.6880727e+02  -2.9112328e+05
   2.6904672e+02  -2.9079218e+05
   2.6928597e+02  -2.9046108e+05
   2.6952500e+02  -2.9012997e+05
   2.6976382e+02  -2.8979887e+05
   2.7000245e+02  -2.8946776e+05
   2.7024087e+02  -2.8913665e+05
   2.7047909e+02  -2.8880554e+05
   2.7071712e+02  -2.8847443e+05
   2.7095497e+02  -2.8814332e+05
   2.7119262e+02  -2.8781221e+05
   2.7143010e+02  -2.8748109e+05
   2.7166739e+02  -2.8714997e+05
   2.7190451e+02  -2.8681885e+05
   2.7214146e+02  -2.8648773e+05
   2.7237824e+02  -2.8615661e+05
   2.7261486e+02  -2.8582548e+05
   2.7285131e+02  -2.8549436e+05
   2.7308761e+02  -2.8516323e+05
   2.7332375e+02  -2.8483210e+05
   2.7355974e+02  -2.8450097e+05
   2.7379559e+02  -2.8416984e+05
   2.7403129e+02  -2.8383870e+05
   2.7426685e+02  -2.8350757e+05
   2.7450228e+02  -2.8317643e+05
   2.7473757e+02  -2.8284529e+05
   2.7497273e+02  -2.8251415e+05
   2.7520777e+02  -2.8218301e+05
   2.7544269e+02  -2.8185186e+05
   2.7567749e+02  -2.8152072e+05
   2.7591217e+02  -2.8118957e+05
   2.7614674e+02  -2.8085842e+05
   2.7638120e+02  -2.8052727e+05
   2.7661556e+02  -2.8019612e+05
   2.7684981e+02  -2.7986497e+05
   2.7708397e+02  -2.7953381e+05
   2.7731804e+02  -2.7920266e+05
   2.7755201e+02  -2.7887150e+05
   2.7778590e+02  -2.7854034e+05
   2.7801970e+02  -2.7820918e+05
   2.7825342e+02  -2.7787801e+05
   2.7848707e+02  -2.7754685e+05
   2.7872065e+02  -2.7721568e+05
   2.7895415e+02  -2.7688451e+05
   2.7918759e+02  -2.7655334e+05
   2.7942097e+02  -2.7622217e+05
   2.7965428e+02  -2.7589100e+05
   2.7988755e+02  -2.7555982e+05
   2.8012076e+02  -2.7522865e+05
   2.8035392e+02  -2.7489747e+05
   2.8058704e+02  -2.7456629e+05
   2.8082011e+02  -2.7423511e+05
   2.8105315e+02  -2.7390393e+05
   2.8128615e+02  -2.7357274e+05
   2.8151913e+02  -2.7324156e+05
   2.8175207e+02  -2.7291037e+05
   2.8198500e+02  -2.7257918e+05
   2.8221790e+02  -2.7224799e+05
   2.8245078e+02  -2.7191680e+05
   2.8268365e+02  -2.7158561e+05
   2.8291652e+02  -2.7125441e+05
   2.8314937e+02  -2.7092321e+05
   2.8338223e+02  -2.7059202e+05
   2.8361508e+02  -2.7026082e+05
   2.8384794e+02  -2.6992961e+05
   2.8408081e+02  -2.6959841e+05
   2.8431368e+02  -2.6926721e+05
   2.8454658e+02  -2.6893600e+05
   2.8477949e+02  -2.6860479e+05
   2.8501242e+02  -2.6827358e+05
   2.8524538e+02  -2.6794237e+05
   2.8547837e+02  -2.6761116e+05
   2.8571139e+02  -2.6727994e+05
   2.8594445e+02  -2.6694873e+05
   2.8617754e+02  -2.6661751e+05
   2.8641068e+02  -2.6628629e+05
   2.8664387e+02  -2.6595507e+05
   2.8687710e+02  -2.6562385e+05
   2.8711039e+02  -2.6529262e+05
   2.8734374e+02  -2.6496140e+05
   2.8757714e+02  -2.6463017e+05
   2.8781062e+02  -2.6429894e+05
   2.8804415e+02  -2.6396771e+05
   2.8827776e+02  -2.6363648e+05
   2.8851145e+02  -2.6330524e+05
   2.8874521e+02  -2.6297401e+05
   2.8897906e+02  -2.6264277e+05
   2.8921299e+02  -2.6231153e+05
   2.8944701e+02  -2.6198029e+05
   2.8968112e+02  -2.6164905e+05
   2.8991533e+02  -2.6131781e+05
   2.9014963e+02  -2.6098656e+05
   2.9038404e+02  -2.6065531e+05
   2.9061856e+02  -2.6032407e+05
   2.9085319e+02  -2.5999282e+05
   2.9108793e+02  -2.5966157e+05
   2.9132279e+02  -2.5933031e+05
   2.9155776e+02  -2.5899906e+05
   2.9179287e+02  -2.5866780e+05
   2.9202810e+02  -2.5833654e+05
   2.9226346e+02  -2.5800528e+05
   2.9249895e+02  -2.5767402e+05
   2.9273459e+02  -2.5734276e+05
   2.9297037e+02  -2.5701149e+05
   2.9320629e+02  -2.5668023e+05
   2.9344236e+02  -2.5634896e+05
   2.9367859e+02  -2.5601769e+05
   2.9391497e+02  -2.5568642e+05
   2.9415151e+02  -2.5535515e+05
   2.9438821e+02  -2.5502387e+05
   2.9462508e+02  -2.5469260e+05
   2.9486212e+02  -2.5436132e+05
   2.9509934e+02  -2.5403004e+05
   2.9533673e+02  -2.5369876e+05
   2.9557430e+02  -2.5336748e+05
   2.9581206e+02  -2.5303619e+05
   2.9605001e+02  -2.5270491e+05
   2.9628815e+02  -2.5237362e+05
   2.9652648e+02  -2.5204233e+05
   2.9676502e+02  -2.5171104e+05
   2.9700376e+02  -2.5137975e+05
   2.9724270e+02  -2.5104845e+05
   2.9748185e+02  -2.5071716e+05
   2.9772122e+02  -2.5038586e+05
   2.9796080e+02  -2.5005456e+05
   2.9820060e+02  -2.4972326e+05
   2.9844063e+02  -2.4939196e+05
   2.9868089e+02  -2.4906065e+05
   2.9892138e+02  -2.4872935e+05
   2.9916210e+02  -2.4839804e+05
   2.9940306e+02  -2.4806673e+05
   2.9964426e+02  -2.4773542e+05
   2.9988571e+02  -2.4740411e+05
   3.0012741e+02  -2.4707279e+05
   3.0036936e+02  -2.4674148e+05
   3.0061157e+02  -2.4641016e+05
   3.0085404e+02  -2.4607884e+05
   3.0109678e+02  -2.4574752e+05
   3.0133978e+02  -2.4541620e+05
   3.0158305e+02  -2.4508487e+05
   3.0182660e+02  -2.4475355e+05
   3.0207042e+02  -2.4442222e+05
   3.0231453e+02  -2.4409089e+05
   3.0255893e+02  -2.4375956e+05
   3.0280361e+02  -2.4342823e+05
   3.0304859e+02  -2.4309689e+05
   3.0329386e+02  -2.4276556e+05
   3.0353943e+02  -2.4243422e+05
   3.0378531e+02  -2.4210288e+05
   3.0403150e+02  -2.4177154e+05
   3.0427800e+02  -2.4144019e+05
   3.0452481e+02  -2.4110885e+05
   3.0477194e+02  -2.4077750e+05
   3.0501940e+02  -2.4044615e+05
   3.0526718e+02  -2.4011480e+05
   3.0551529e+02  -2.3978345e+05
   3.0576373e+02  -2.3945210e+05
   3.0601251e+02  -2.3912074e+05
   3.0626164e+02  -2.3878939e+05
   3.0651110e+02  -2.3845803e+05
   3.0676092e+02  -2.3812667e+05
   3.0701109e+02  -2.3779530e+05
   3.0726161e+02  -2.3746394e+05
   3.0751250e+02  -2.3713257e+05
   3.0776374e+02  -2.3680121e+05
   3.0801536e+02  -2.3646984e+05
   3.0826734e+02  -2.3613847e+05
   3.0851970e+02  -2.3580709e+05
   3.0877244e+02  -2.3547572e+05
   3.0902556e+02  -2.3514434e+05
   3.0927906e+02  -2.3481296e+05
   3.0953296e+02  -2.3448158e+05
   3.0978724e+02  -2.3415020e+05
   3.1004193e+02  -2.3381882e+05
   3.1029702e+02  -2.3348743e+05
   3.1055251e+02  -2.3315605e+05
166
   3.1055251e+02  -2.3315605e+05
  -1.8718739e+01  -2.3315579e+05
  -3.4799307e+02  -2.3315553e+05
  -6.7727048e+02  -2.3315527e+05
  -1.0065510e+03  -2.3315500e+05
  -1.3358345e+03  -2.3315473e+05
  -1.6651210e+03  -2.3315446e+05
  -1.9944106e+03  -2.3315418e+05
  -2.3237032e+03  -2.3315390e+05
  -2.6529988e+03  -2.3315361e+05
  -2.9822974e+03  -2.3315332e+05
  -3.3115990e+03  -2.3315303e+05
  -3.6409035e+03  -2.3315273e+05
  -3.9702110e+03  -2.3315243e+05
  -4.2995214e+03  -2.3315213e+05
  -4.6288347e+03  -2.3315182e+05
  -4.9581509e+03  -2.3315151e+05
  -5.2874701e+03  -2.3315120e+05
  -5.6167921e+03  -2.3315088e+05
  -5.9461170e+03  -2.3315056e+05
  -6.2754447e+03  -2.3315023e+05
  -6.6047753e+03  -2.3314990e+05
  -6.9341088e+03  -2.3314957e+05
  -7.2634450e+03  -2.3314923e+05
  -7.5927841e+03  -2.3314889e+05
  -7.9221259e+03  -2.3314855e+05
  -8.2514706e+03  -2.3314820e+05
  -8.5808180e+03  -2.3314785e+05
  -8.9101682e+03  -2.3314750e+05
  -9.2395211e+03  -2.3314714e+05
  -9.5688768e+03  -2.3314678e+05
  -9.8982352e+03  -2.3314642e+05
  -1.0227596e+04  -2.3314605e+05
  -1.0556960e+04  -2.3314567e+05
  -1.0886327e+04  -2.3314530e+05
  -1.1215696e+04  -2.3314492e+05
  -1.1545068e+04  -2.3314454e+05
  -1.1874442e+04  -2.3314415e+05
  -1.2203819e+04  -2.3314376e+05
  -1.2533199e+04  -2.3314337e+05
  -1.2862581e+04  -2.3314297e+05
  -1.3191966e+04  -2.3314257e+05
  -1.3521354e+04  -2.3314216e+05
  -1.3850744e+04  -2.3314176e+05
  -1.4180137e+04  -2.3314135e+05
  -1.4509532e+04  -2.3314093e+05
  -1.4838930e+04  -2.3314051e+05
  -1.5168330e+04  -2.3314009e+05
  -1.5497733e+04  -2.3313967e+05
  -1.5827138e+04  -2.3313924e+05
  -1.6156546e+04  -2.3313880e+05
  -1.6485956e+04  -2.3313837e+05
  -1.6815369e+04  -2.3313793e+05
  -1.7144785e+04  -2.3313749e+05
  -1.7474202e+04  -2.3313704e+05
  -1.7803622e+04  -2.3313659e+05
  -1.8133045e+04  -2.3313614e+05
  -1.8462470e+04  -2.3313568e+05
  -1.8791897e+04  -2.3313522e+05
  -1.9121327e+04  -2.3313475e+05
  -1.9450759e+04  -2.3313429e+05
  -1.9780194e+04  -2.3313382e+05
  -2.0109631e+04  -2.3313334e+05
  -2.0439070e+04  -2.3313286e+05
  -2.0768511e+04  -2.3313238e+05
  -2.1097955e+04  -2.3313190e+05
  -2.1427402e+04  -2.3313141e+05
  -2.1756850e+04  -2.3313092e+05
  -2.2086301e+04  -2.3313042e+05
  -2.2415754e+04  -2.3312992e+05
  -2.2745209e+04  -2.3312942e+05
  -2.3074667e+04  -2.3312891e+05
  -2.3404126e+04  -2.3312840e+05
  -2.3733588e+04  -2.3312789e+05
  -2.4063053e+04  -2.3312738e+05
  -2.4392519e+04  -2.3312686e+05
  -2.4721988e+04  -2.3312633e+05
  -2.5051459e+04  -2.3312581e+05
  -2.5380932e+04  -2.3312528e+05
  -2.5710407e+04  -2.3312474e+05
  -2.6039884e+04  -2.3312421e+05
  -2.6369363e+04  -2.3312367e+05
  -2.6698845e+04  -2.3312312e+05
  -2.7028329e+04  -2.3312258e+05
  -2.7357814e+04  -2.3312202e+05
  -2.7687302e+04  -2.3312147e+05
  -2.8016792e+04  -2.3312091e+05
  -2.8346284e+04  -2.3312035e+05
  -2.8675778e+04  -2.3311979e+05
  -2.9005275e+04  -2.3311922e+05
  -2.9334773e+04  -2.3311865e+05
  -2.9664273e+04  -2.3311808e+05
  -2.9993775e+04  -2.3311750e+05
  -3.0323279e+04  -2.3311692e+05
  -3.0652786e+04  -2.3311633e+05
  -3.0982294e+04  -2.3311574e+05
  -3.1311804e+04  -2.3311515e+05
  -3.1641316e+04  -2.3311456e+05
  -3.1970830e+04  -2.3311396e+05
  -3.2300346e+04  -2.3311336e+05
  -3.2629864e+04  -2.3311275e+05
  -3.2959384e+04  -2.3311214e+05
  -3.3288906e+04  -2.3311153e+05
  -3.3618429e+04  -2.3311092e+05
  -3.3947955e+04  -2.3311030e+05
  -3.4277482e+04  -2.3310968e+05
  -3.4607011e+04  -2.3310905e+05
  -3.4936542e+04  -2.3310842e+05
  -3.5266075e+04  -2.3310779e+05
  -3.5595610e+04  -2.3310716e+05
  -3.5925147e+04  -2.3310652e+05
  -3.6254685e+04  -2.3310587e+05
  -3.6584225e+04  -2.3310523e+05
  -3.6913767e+04  -2.3310458e+05
  -3.7243311e+04  -2.3310393e+05
  -3.7572857e+04  -2.3310327e+05
  -3.7902404e+04  -2.3310261e+05
  -3.8231953e+04  -2.3310195e+05
  -3.8561504e+04  -2.3310129e+05
  -3.8891056e+04  -2.3310062e+05
  -3.9220610e+04  -2.3309995e+05
  -3.9550166e+04  -2.3309927e+05
  -3.9879724e+04  -2.3309859e+05
  -4.0209283e+04  -2.3309791e+05
  -4.0538844e+04  -2.3309722e+05
  -4.0868406e+04  -2.3309653e+05
  -4.1197970e+04  -2.3309584e+05
  -4.1527536e+04  -2.3309515e+05
  -4.1857104e+04  -2.3309445e+05
  -4.2186673e+04  -2.3309375e+05
  -4.2516243e+04  -2.3309304e+05
  -4.2845816e+04  -2.3309233e+05
  -4.3175390e+04  -2.3309162e+05
  -4.3504965e+04  -2.3309090e+05
  -4.3834542e+04  -2.3309019e+05
  -4.4164120e+04  -2.3308946e+05
  -4.4493700e+04  -2.3308874e+05
  -4.4823282e+04  -2.3308801e+05
  -4.5152865e+04  -2.3308728e+05
  -4.5482450e+04  -2.3308654e+05
  -4.5812036e+04  -2.3308580e+05
  -4.6141623e+04  -2.3308506e+05
  -4.6471213e+04  -2.3308432e+05
  -4.6800803e+04  -2.3308357e+05
  -4.7130395e+04  -2.3308282e+05
  -4.7459989e+04  -2.3308206e+05
  -4.7789583e+04  -2.3308130e+05
  -4.8119180e+04  -2.3308054e+05
  -4.8448777e+04  -2.3307978e+05
  -4.8778377e+04  -2.3307901e+05
  -4.9107977e+04  -2.3307824e+05
  -4.9437579e+04  -2.3307746e+05
  -4.9767182e+04  -2.3307669e+05
  -5.0096787e+04  -2.3307590e+05
  -5.0426393e+04  -2.3307512e+05
  -5.0756000e+04  -2.3307433e+05
  -5.1085609e+04  -2.3307354e+05
  -5.1415219e+04  -2.3307275e+05
  -5.1744830e+04  -2.3307195e+05
  -5.2074443e+04  -2.3307115e+05
  -5.2404056e+04  -2.3307034e+05
  -5.2733672e+04  -2.3306954e+05
  -5.3063288e+04  -2.3306873e+05
  -5.3392906e+04  -2.3306791e+05
  -5.3722525e+04  -2.3306710e+05
  -5.4052145e+04  -2.3306628e+05
